0 -0.0003
0.0777301 -0.000207105
0.106516 1.69645e-05
0.0672048 0.00023031
-0.0141101 0.000297657
-0.0869204 0.000176148
-0.104499 -5.69338e-05
-0.0555814 -0.000254017
0.0280485 -0.000290063
0.0945334 -0.000142168
0.100534 9.57387e-05
0.0430825 0.000273036
-0.0416116 0.000277147
-0.100341 0.000105495
-0.0948333 -0.000132973
-0.0298027 -0.000287254
0.0545091 -0.000259362
0.104206 -6.70716e-05
0.0875453 0.00016768
0.0159307 0.000296195
-0.0664164 0.000236801
-0.106172 2.72938e-05
-0.0787676 -0.000199509
-0.00164226 -0.000299915
0.0770332 -0.000210107
0.106226 1.28263e-05
0.0686522 0.000227622
-0.012771 0.000298137
-0.0861615 0.000179507
-0.104494 -5.2864e-05
-0.057209 -0.000251769
0.0269681 -0.000291103
0.0936243 -0.000145815
0.101017 9.18015e-05
0.0446405 0.000271274
-0.0406039 0.000278724
-0.0994605 0.000109366
-0.0957437 -0.000129235
-0.0311535 -0.000286019
0.0533739 -0.00026144
0.103576 -7.11e-05
0.0887529 0.000164207
0.0170734 0.000295514
-0.0651175 0.000239335
-0.105954 3.14164e-05
-0.0800271 -0.000196371
-0.00274893 -0.000299798
0.0756463 -0.000213046
0.106526 8.67554e-06
0.069755 0.000224884
-0.0115066 0.00029858
-0.0849313 0.000182806
-0.105129 -4.87609e-05
-0.0581806 -0.000249485
0.0254432 -0.000292088
0.0927972 -0.00014942
0.101767 8.78232e-05
0.045601 0.000269486
-0.0389115 0.00028023
-0.0990758 0.00011322
-0.0964516 -0.000125462
-0.0323092 -0.000284752
0.0517271 -0.000263441
0.103594 -7.51371e-05
0.089321 0.000160714
0.0185615 0.000294781
-0.0637484 0.000241804
-0.106148 3.55584e-05
-0.0806234 -0.00019322
-0.00451459 -0.000299609
0.0747216 -0.000215947
0.106666 4.51065e-06
0.0705815 0.000222126
-0.00966065 0.000298938
-0.0843633 0.000186088
-0.105208 -4.46537e-05
-0.0593699 -0.000247163
0.0237757 -0.000292995
0.0924201 -0.000153022
0.101836 8.38511e-05
0.047184 0.000267634
-0.0375761 0.000281678
-0.0987045 0.00011707
-0.0967393 -0.00012169
-0.0340893 -0.000283404
0.0507407 -0.000265408
0.103086 -7.91563e-05
0.0900404 0.000157201
0.0202903 0.000293969
-0.0629361 0.000244252
-0.105642 3.96743e-05
-0.0817656 -0.000190025
-0.00600185 -0.000299354
0.0738702 -0.000218825
0.106348 3.70635e-07
0.0720502 0.000219303
-0.00845089 0.000299252
-0.0833967 0.000189337
-0.105268 -4.0555e-05
-0.0609106 -0.000244769
0.0227127 -0.000293872
0.0913487 -0.000156577
0.102415 7.98584e-05
0.0485676 0.000265719
-0.0364605 0.000283094
-0.0977597 0.000120871
-0.0976878 -0.000117875
-0.0352748 -0.000282012
0.0494199 -0.00026733
0.102514 -8.31421e-05
0.0911571 0.000153634
0.021365 0.000293124
-0.0614672 0.000246641
-0.105522 4.37806e-05
-0.0828478 -0.000186778
-0.00717033 -0.000299067
0.0724199 -0.000221636
0.106688 -3.78842e-06
0.0729586 0.000216443
-0.00703137 0.000299519
-0.0822075 0.000192527
-0.105842 -3.64227e-05
-0.0617635 -0.000242349
0.0210327 -0.000294681
0.090626 -0.000160099
0.102983 7.58333e-05
0.0495455 0.00026378
-0.0346934 0.000284432
-0.097448 0.000124664
-0.0981816 -0.000114037
-0.0365474 -0.000280579
0.0478195 -0.000269177
0.102484 -8.71377e-05
0.0915762 0.000150056
0.0229938 0.000292216
-0.060213 0.000248972
-0.10556 4.79001e-05
-0.0834073 -0.000183522
-0.00900625 -0.000298699
0.0715889 -0.000224416
0.106609 -7.9488e-06
0.0738715 0.000213558
-0.0052295 0.000299703
-0.0816399 0.000195706
-0.105735 -3.22986e-05
-0.063075 -0.000239881
0.0194947 -0.000295422
0.0901111 -0.000163612
0.10299 7.18197e-05
0.0511934 0.000261769
-0.0334881 0.000285723
-0.096868 0.00012844
-0.0985146 -0.000110198
-0.0382852 -0.000279066
0.0468675 -0.000270995
0.101786 -9.11029e-05
0.0924022 0.000146451
0.0245793 0.000291236
-0.0593122 0.000251281
-0.104952 5.19855e-05
-0.0846197 -0.000180214
-0.0103338 -0.000298278
0.0705485 -0.000227164
0.106322 -1.20859e-05
0.0752937 0.000210606
-0.00410516 0.00029985
-0.0804768 0.000198838
-0.105888 -2.81757e-05
-0.0644706 -0.000237348
0.0183857 -0.000296131
0.0889352 -0.000167069
0.103636 6.77776e-05
0.052389 0.000259707
-0.0322194 0.000286973
-0.0959255 0.000132168
-0.0994396 -0.000106312
-0.0393398 -0.000277517
0.0453663 -0.000272757
0.101306 -9.50416e-05
0.0933668 0.000142797
0.0256497 0.000290226
-0.0577232 0.00025352
-0.104918 5.60698e-05
-0.0854981 -0.000176865
-0.0116148 -0.000297817
0.0691026 -0.000229843
0.106645 -1.62451e-05
0.0760369 0.00020763
-0.00252359 0.000299939
-0.0793764 0.000201918
-0.106336 -2.40234e-05
-0.0652646 -0.000234794
0.0165939 -0.000296764
0.0883106 -0.000170501
0.103991 6.3715e-05
0.053441 0.000257617
-0.0304464 0.000288143
-0.0956385 0.000135892
-0.0997343 -0.000102417
-0.0407475 -0.00027592
0.0438647 -0.000274449
0.101162 -9.89868e-05
0.0936961 0.000139141
0.0273839 0.000289144
-0.0565936 0.000255711
-0.104757 6.0157e-05
-0.0860828 -0.000173507
-0.013455 -0.000297274
0.0683222 -0.000232498
0.106358 -2.03925e-05
0.077062 0.00020462
-0.000826516 0.000299951
-0.0787443 0.000204985
-0.106095 -1.98891e-05
-0.066676 -0.000232184
0.0152033 -0.000297339
0.0876121 -0.000173917
0.104002 5.96646e-05
0.0550899 0.000255452
-0.0293395 0.000289274
-0.0948457 0.000139588
-0.100153 -9.85146e-05
-0.0423786 -0.000274246
0.0428847 -0.000276114
0.100323 -0.000102891
0.0946128 0.000135448
0.0287976 0.000288001
-0.0555493 0.000257874
-0.104113 6.42067e-05
-0.0873104 -0.000170092
-0.0146452 -0.000296687
0.0670841 -0.000235109
0.106148 -2.4522e-05
0.0783709 0.000201548
0.000272196 0.00029993
-0.0774223 0.000207995
-0.106343 -1.57475e-05
-0.0678873 -0.000229519
0.0139908 -0.000297877
0.0863987 -0.000177272
0.104664 5.55806e-05
0.0561123 0.000253248
-0.0278957 0.000290355
-0.0939622 0.000143238
-0.100987 -9.45678e-05
-0.0433559 -0.000272544
0.0412351 -0.000277711
0.0999425 -0.000106778
0.0953817 0.000131717
0.0299261 0.000286826
-0.0539053 0.000259961
-0.104126 6.82623e-05
-0.0879856 -0.000166649
-0.0160688 -0.000296052
0.0657024 -0.000237654
0.106386 -2.86726e-05
0.0789997 0.000198459
0.00199452 0.00029984
-0.0764347 0.00021096
-0.10661 -1.15849e-05
-0.0686865 -0.000226835
0.0121483 -0.000298334
0.0858398 -0.000180611
0.104802 5.14892e-05
0.0572769 0.000251008
-0.0261836 0.000291356
-0.0936376 0.000146886
-0.101122 -9.06222e-05
-0.0448891 -0.000270783
0.0398627 -0.000279248
0.0996288 -0.000110663
0.0956868 0.000127986
0.0317092 0.000285573
-0.0528818 0.00026201
-0.103747 7.23081e-05
-0.0886448 -0.000163192
-0.0178456 -0.000295335
0.0649139 -0.000240179
0.105928 -3.27996e-05
0.0801354 0.000195329
0.00354503 0.000299681
-0.0756761 0.000213909
-0.106299 -7.44604e-06
-0.0701515 -0.000224087
0.0108956 -0.000298743
0.0849353 -0.00018392
0.104871 4.74064e-05
0.0588575 0.000248694
-0.0251224 0.000292326
-0.0926557 0.000150493
-0.101641 -8.66614e-05
-0.046364 -0.000268955
0.0387928 -0.000280755
0.0987123 -0.000114502
0.0966527 0.000124212
0.0329507 0.00028427
-0.0516587 0.000264019
-0.103131 7.63176e-05
-0.0898215 -0.000159678
-0.0189436 -0.000294583
0.0634972 -0.000242647
0.105815 -3.69166e-05
0.0812764 0.000192143
0.00468271 0.00029949
-0.0742531 0.000216792
-0.106616 -3.29207e-06
-0.0711652 -0.000221296
0.00953863 -0.000299108
0.0837492 -0.00018717
0.105484 4.32888e-05
0.0597467 0.000246353
-0.0235098 0.000293233
-0.091868 0.000154061
-0.102323 -8.26624e-05
-0.0473269 -0.000267101
0.0370482 -0.000282185
0.0984109 -0.000118331
0.0972076 0.000120412
0.0341864 0.000282929
-0.0500287 0.000265953
-0.103135 8.03366e-05
-0.0903211 -0.000156148
-0.0205138 -0.000293773
0.0622214 -0.000245056
0.105907 -4.10489e-05
0.0818541 0.000188947
0.00649954 0.000299221
-0.0733743 0.00021964
-0.106671 8.71277e-07
-0.0720258 -0.000218483
0.00771372 -0.000299389
0.0832032 -0.000190408
0.105429 3.91765e-05
0.0610367 0.000243965
-0.0219115 0.000294067
-0.0914405 0.000157625
-0.102357 -7.86724e-05
-0.0489504 -0.000265179
0.0358086 -0.000283565
0.0978926 -0.000122147
0.0975489 0.00011661
0.0359503 0.000281509
-0.0490686 0.000267855
-0.102547 8.43326e-05
-0.0910822 -0.000152596
-0.0221689 -0.000292888
0.0613608 -0.000247444
0.105335 -4.51492e-05
0.0830712 0.0001857
0.00788773 0.000298895
-0.0724422 0.000222462
-0.106354 5.00967e-06
-0.0734823 -0.000215604
0.00656396 -0.000299631
0.0820978 -0.000193604
0.105589 3.5066e-05
0.0624862 0.000241509
-0.0208324 0.000294871
-0.0903174 0.000161137
-0.102964 -7.46587e-05
-0.0502421 -0.0002632
0.0345984 -0.000284909
0.0969656 -0.000125915
0.0985044 0.000112762
0.0370466 0.000280049
-0.0476575 0.000269707
-0.102005 8.82975e-05
-0.092142 -0.00014899
-0.0232344 -0.000291971
0.059809 -0.000249764
0.105311 -4.92479e-05
0.0840116 0.00018241
0.00912181 0.000298531
-0.0709862 0.000225215
-0.106692 9.16861e-06
-0.0743125 -0.000212693
0.00504534 -0.000299819
0.0809904 -0.000196746
0.106086 3.09241e-05
0.0633001 0.000239032
-0.0190846 0.000295603
-0.0896358 0.000164619
-0.103449 -7.06169e-05
-0.0512516 -0.000261195
0.0328249 -0.000286171
0.0966988 -0.00012968
0.0988551 0.000108901
0.0384164 0.000278543
-0.0461028 0.000271486
-0.101935 9.22713e-05
-0.0925155 -0.000145379
-0.0249278 -0.000290987
0.0586561 -0.000252036
0.105211 -5.33524e-05
0.0846025 0.000179109
0.0109698 0.000298086
-0.0701852 0.000227941
-0.106528 1.33237e-05
-0.0752732 -0.000209754
0.00330223 -0.000299927
0.0803941 -0.000199876
0.105887 2.67978e-05
0.0647001 0.0002365
-0.0176303 0.000296271
-0.089049 0.00016809
-0.103447 -6.65876e-05
-0.0529095 -0.000259117
0.0316949 -0.000287393
0.0959666 -0.000133419
0.0992767 0.000105033
0.040093 0.000276959
-0.0451469 0.000273238
-0.101174 9.62104e-05
-0.0933793 -0.000141736
-0.0264224 -0.000289936
0.0576656 -0.00025428
0.104591 -5.74206e-05
0.0858493 0.000175752
0.0122082 0.000297593
-0.0690557 0.000230629
-0.106263 1.7457e-05
-0.0766531 -0.00020675
0.00220162 -0.000300002
0.0791195 -0.000202953
0.106144 2.26648e-05
0.0659728 0.000233909
-0.0164706 0.000296906
-0.0878482 0.000171503
-0.104103 -6.25276e-05
-0.0540186 -0.000256994
0.0303148 -0.000288569
0.0950882 -0.000137112
0.100154 0.00010112
0.0410934 0.000275345
-0.0435668 0.000274927
-0.10073 0.000100126
-0.0942673 -0.000138048
-0.0275186 -0.000288854
0.0560397 -0.000256451
0.104623 -6.14946e-05
0.0865835 0.000172364
0.0135783 0.000297056
-0.0676332 0.000233249
-0.106558 2.16125e-05
-0.077339 -0.000203725
0.000531693 -0.000300012
0.0781202 -0.000205984
0.106469 1.85081e-05
0.0667763 0.0002313
-0.0146428 0.000297462
-0.0872551 0.000174895
-0.104371 -5.84521e-05
-0.0551228 -0.000254838
0.0285799 -0.000289664
0.0947959 -0.000140804
0.100337 9.72045e-05
0.0425968 0.000273674
-0.0421306 0.000276552
-0.100523 0.000104045
-0.0945772 -0.000134359
-0.0292881 -0.000287697
0.0549989 -0.000258581
0.104306 -6.55619e-05
0.0872411 0.000168962
0.0153877 0.000296435
-0.0668581 0.000235848
-0.106197 2.57514e-05
-0.0784136 -0.000200663
-0.00108031 -0.000299949
0.0774108 -0.000208999
0.106188 1.43736e-05
0.0682452 0.000228627
-0.0133352 0.000297964
-0.0864715 0.000178264
-0.104395 -5.4388e-05
-0.0567482 -0.000252608
0.0275137 -0.000290726
0.0938682 -0.000144459
0.100859 9.32748e-05
0.0441298 0.000271933
-0.041114 0.000278148
-0.0996437 0.000107921
-0.0955173 -0.000130632
-0.030609 -0.000286484
0.0538377 -0.000260676
0.103703 -6.95934e-05
0.088452 0.000165501
0.0165145 0.000295778
-0.0655349 0.000238396
-0.106019 2.98749e-05
-0.079655 -0.000197541
-0.00219461 -0.000299854
0.0760204 -0.000211951
0.10652 1.02243e-05
0.0693204 0.000225908
-0.0120444 0.000298427
-0.0852612 0.000181573
-0.105043 -5.02895e-05
-0.0577018 -0.000250344
0.0259604 -0.000291729
0.0930792 -0.000148073
0.101595 8.93047e-05
0.0450967 0.000270165
-0.0394095 0.000279672
-0.0992953 0.000111782
-0.0961998 -0.00012687
-0.0317911 -0.000285237
0.0522058 -0.000262694
0.103737 -7.36348e-05
0.0890025 0.000162023
0.0180351 0.000295065
-0.0641994 0.000240882
-0.106206 3.40177e-05
-0.0802534 -0.000194406
-0.00397946 -0.000299685
0.0751317 -0.000214867
0.106637 6.06255e-06
0.0701737 0.000223167
-0.0102045 0.000298806
-0.0847145 0.000184868
-0.105101 -4.61888e-05
-0.058927 -0.00024804
0.0243218 -0.000292657
0.0926965 -0.000151685
0.101664 8.53416e-05
0.0467053 0.000268332
-0.0381091 0.000281141
-0.0989025 0.000115638
-0.0965104 -0.000123109
-0.0335738 -0.00028391
0.0512412 -0.000264681
0.103207 -7.76565e-05
0.0897597 0.000158523
0.0197418 0.000294274
-0.0633866 0.000243348
-0.105694 3.81332e-05
-0.0814282 -0.000191225
-0.0054341 -0.000299453
0.0742584 -0.000217759
0.10634 1.92493e-06
0.0716515 0.00022036
-0.00901832 0.000299143
-0.0837227 0.000188128
-0.105198 -4.20945e-05
-0.0604533 -0.000245665
0.0232595 -0.000293555
0.0916164 -0.000155248
0.102279 8.13554e-05
0.0480598 0.000266438
-0.0369733 0.000282577
-0.0979717 0.000119446
-0.0974775 -0.000119303
-0.0347352 -0.00028254
0.0498924 -0.00026662
0.102672 -8.16468e-05
0.0908669 0.000154967
0.0208137 0.000293451
-0.0619012 0.000245751
-0.105613 4.22418e-05
-0.0824855 -0.000187994
-0.00662259 -0.000299187
0.0728179 -0.000220583
0.106702 -2.23347e-06
0.0725368 0.000217518
-0.00756802 0.00029943
-0.0825642 0.000191331
-0.105771 -3.79662e-05
-0.0613002 -0.000243264
0.0215573 -0.000294384
0.0909325 -0.00015878
0.102824 7.73382e-05
0.0490572 0.000264518
-0.0352067 0.000283933
-0.0976879 0.000123247
-0.0979471 -0.000115476
-0.036041 -0.000281127
0.0483182 -0.000268485
0.102643 -8.56473e-05
0.0912798 0.000151404
0.0224707 0.000292564
-0.0606841 0.0002481
-0.105634 4.63624e-05
-0.0830608 -0.000184752
-0.00846583 -0.000298841
0.0720153 -0.00022338
0.106599 -6.39127e-06
0.0734844 0.00021465
-0.00578456 0.000299636
-0.0820046 0.000194523
-0.105652 -3.38477e-05
-0.0626459 -0.000240814
0.0200531 -0.000295146
0.0904007 -0.000162303
0.102847 7.33324e-05
0.0507196 0.000262526
-0.0340314 0.000285245
-0.097083 0.00012703
-0.0983132 -0.000111646
-0.0377684 -0.000279635
0.0473752 -0.000270323
0.101931 -8.96158e-05
0.0921432 0.00014781
0.0240271 0.000291606
-0.0597701 0.000250426
-0.105033 5.04487e-05
-0.0842967 -0.000181458
-0.00976404 -0.000298442
0.0709484 -0.000226142
0.106345 -1.05273e-05
0.0749025 0.000211714
-0.00467191 0.000299805
-0.0808214 0.000197667
-0.105845 -2.9728e-05
-0.064018 -0.000238299
0.0189315 -0.000295877
0.0892289 -0.00016577
0.10352 6.92959e-05
0.0518876 0.000260486
-0.0327352 0.000286515
-0.0961668 0.000130765
-0.0992437 -0.00010777
-0.0388093 -0.000278108
0.0458497 -0.000272102
0.101491 -9.35603e-05
0.0930882 0.000144168
0.0251086 0.000290618
-0.0581761 0.000252681
-0.105032 5.45362e-05
-0.0851485 -0.000178125
-0.0110739 -0.000298003
0.0695249 -0.000228836
0.106677 -1.46866e-05
0.0756318 0.000208755
-0.00306077 0.000299915
-0.0797581 0.00020076
-0.10628 -2.55794e-05
-0.0648198 -0.000235765
0.017128 -0.00029653
0.0886382 -0.000169214
0.10385 6.52409e-05
0.0529693 0.000258415
-0.0309759 0.000287705
-0.0958957 0.000134498
-0.0995208 -0.000103885
-0.0402512 -0.00027653
0.0443817 -0.000273814
0.101336 -9.75107e-05
0.0934248 0.000140524
0.026862 0.000289556
-0.0570813 0.000254891
-0.104848 5.8625e-05
-0.0857609 -0.00017478
-0.0129082 -0.00029748
0.0687613 -0.000231508
0.106371 -1.88322e-05
0.0766943 0.000205761
-0.00139147 0.000299948
-0.0791203 0.000203841
-0.10604 -2.14495e-05
-0.0662585 -0.000233172
0.0157707 -0.000297127
0.0879158 -0.00017264
0.103889 6.11968e-05
0.0546196 0.000256268
-0.029889 0.000288857
-0.0950802 0.000138201
-0.0999777 -9.99908e-05
-0.0418612 -0.000274877
0.043397 -0.000275499
0.100495 -0.00010142
0.0943728 0.000136842
0.028245 0.000288436
-0.0560142 0.000257071
-0.104224 6.2677e-05
-0.0869997 -0.000171378
-0.0140775 -0.000296916
0.0674978 -0.000234133
0.1062 -2.2962e-05
0.0779873 0.000202704
-0.000290659 0.00029995
-0.077788 0.000206863
-0.106324 -1.731e-05
-0.0674421 -0.000230525
0.0145348 -0.000297687
0.0867197 -0.000176006
0.104565 5.71178e-05
0.0556214 0.000254085
-0.0284159 0.000289957
-0.094232 0.00014186
-0.100804 -9.60525e-05
-0.0428379 -0.000273197
0.0417317 -0.000277114
0.100152 -0.000105313
0.0951167 0.000133123
0.0293966 0.000287282
-0.0543784 0.000259175
-0.104261 6.67366e-05
-0.0876525 -0.000167951
-0.0155339 -0.000296302
0.0661481 -0.000236694
0.106433 -2.7113e-05
0.0786149 0.000199633
0.0014546 0.00029988
-0.0768384 0.000209844
-0.106571 -1.31507e-05
-0.0682621 -0.000227859
0.0126934 -0.000298164
0.0861849 -0.000179357
0.104681 5.30333e-05
0.0568212 0.000251864
-0.0267288 0.00029098
-0.0939097 0.000145517
-0.100933 -9.21165e-05
-0.044401 -0.000271455
0.0403952 -0.000278671
0.0998179 -0.000109204
0.0954425 0.000129403
0.0311867 0.000286049
-0.0533823 0.000261243
-0.103858 7.07846e-05
-0.0883473 -0.000164507
-0.0172927 -0.000295607
0.0653629 -0.000239236
0.105967 -3.12392e-05
0.0797848 0.000196517
0.00297278 0.000299744
-0.0760629 0.000212806
-0.106273 -9.01507e-06
-0.0697435 -0.000225127
0.0114681 -0.000298595
0.0852548 -0.000182677
0.104786 4.89555e-05
0.0583904 0.000249569
-0.0256746 0.00029197
-0.0929128 0.000149132
-0.10149 -8.81628e-05
-0.045848 -0.000269647
0.0393082 -0.000280197
0.098913 -0.000113049
0.0964293 0.000125639
0.0324016 0.000284769
-0.0521316 0.00026327
-0.103273 7.47978e-05
-0.089522 -0.000161005
-0.0183819 -0.000294878
0.0639271 -0.000241719
0.105894 -3.53578e-05
0.080902 0.000193348
0.00412586 0.000299575
-0.0746422 0.000215702
-0.106619 -4.86218e-06
-0.0707308 -0.000222355
0.0100811 -0.000298981
0.0840975 -0.000185939
0.105401 4.48425e-05
0.0592702 0.000247247
-0.0240365 0.000292897
-0.0921642 0.000152711
-0.102155 -8.4172e-05
-0.0468241 -0.000267814
0.03756 -0.000281647
0.0986417 -0.000116885
0.0969594 0.00012185
0.0336686 0.000283449
-0.0505224 0.000265221
-0.103287 7.88215e-05
-0.0900081 -0.000157489
-0.0199831 -0.000294089
0.0626884 -0.000244145
0.10597 -3.94909e-05
0.0814924 0.000190167
0.00595481 0.000299327
-0.0737967 0.000218566
-0.10665 -7.01728e-07
-0.0716225 -0.000219559
0.00827034 -0.000299284
0.0835627 -0.00018919
0.105333 4.07363e-05
0.0605953 0.000244878
-0.0224705 0.000293753
-0.0917262 0.000156284
-0.102196 -8.01905e-05
-0.0484682 -0.000265911
0.036353 -0.000283048
0.0980986 -0.000120708
0.0973322 0.000118059
0.0354262 0.000282048
-0.0495782 0.000267144
-0.10268 8.28204e-05
-0.0908079 -0.000153949
-0.0216113 -0.000293225
0.0618177 -0.00024655
0.105403 -4.35916e-05
0.0827354 0.000186934
0.00731175 0.000299024
-0.0728401 0.000221402
-0.106359 3.43486e-06
-0.0730822 -0.000216696
0.00713735 -0.000299549
0.0824356 -0.000192397
0.105532 3.66295e-05
0.0620233 0.000242441
-0.0213846 0.000294579
-0.0905995 0.000159805
-0.102835 -7.6183e-05
-0.0497306 -0.000263954
0.0351169 -0.000284411
0.097196 -0.000124483
0.0982957 0.00011422
0.0365051 0.000280611
-0.0481403 0.000269013
-0.102176 8.67903e-05
-0.0918536 -0.000150356
-0.0226818 -0.000292331
0.0602575 -0.000248887
0.105414 -4.76931e-05
0.0836492 0.00018366
0.00857177 0.000298682
-0.0713998 0.000224169
-0.106714 7.59344e-06
-0.0738928 -0.000213804
0.00558781 -0.000299758
0.0813646 -0.000195553
0.106018 3.24917e-05
0.0628412 0.000239983
-0.01962 0.00029533
-0.0899554 0.000163299
-0.103296 -7.2149e-05
-0.0507653 -0.000261969
0.033353 -0.000285693
0.0969477 -0.000128256
0.0986271 0.00011037
0.0379092 0.000279125
-0.0466162 0.000270811
-0.102103 9.07693e-05
-0.0922261 -0.000146758
-0.0243992 -0.000291367
0.059141 -0.000251176
0.105291 -5.17988e-05
0.0842654 0.000180373
0.0104188 0.000298257
-0.0706225 0.000226912
-0.106528 1.17463e-05
-0.0748902 -0.000210881
0.00386957 -0.000299888
0.0807657 -0.000198697
0.105818 2.83705e-05
0.0642708 0.000237468
-0.0182001 0.000296021
-0.0893483 0.00016678
-0.103315 -6.81269e-05
-0.0524315 -0.000259909
0.0322471 -0.000286937
0.0961919 -0.000132002
0.0990869 0.000106511
0.0395678 0.000277562
-0.0456623 0.000272583
-0.101332 9.47122e-05
-0.0931258 -0.000143126
-0.0258628 -0.000290338
0.0581299 -0.000253438
0.10469 -5.58687e-05
0.0855261 0.00017703
0.0116326 0.000297788
-0.0694663 0.000229615
-0.106298 1.58792e-05
-0.0762605 -0.000207892
0.00277244 -0.000299985
0.0794783 -0.000201785
0.106112 2.424e-05
0.0655163 0.000234897
-0.0170212 0.000296677
-0.0881572 0.000170203
-0.103994 -6.40723e-05
-0.0535155 -0.000257807
0.0308374 -0.000288132
0.0953476 -0.000135704
0.0999592 0.000102607
0.0405633 0.00027597
-0.0440619 0.00027429
-0.100928 9.86342e-05
-0.0939915 -0.00013945
-0.026977 -0.000289279
0.0565086 -0.000255625
0.104747 -5.99462e-05
0.0862365 0.000173657
0.0130346 0.000297272
-0.068071 0.000232251
-0.106597 2.00349e-05
-0.0769379 -0.000204885
0.00107619 -0.000300016
0.0785176 -0.00020483
0.106417 2.00872e-05
0.0663375 0.000232305
-0.015189 0.000297253
-0.0875945 0.000173607
-0.104237 -6.00042e-05
-0.0546531 -0.000255671
0.0291243 -0.000289248
0.0950605 -0.000139405
0.100133 9.87017e-05
0.0420983 0.000274319
-0.0426612 0.000275935
-0.100706 0.000102559
-0.0943141 -0.000135774
-0.0287595 -0.000288142
0.0554981 -0.000257775
0.104405 -6.40153e-05
0.0869285 0.000170269
0.0148301 0.000296673
-0.0673068 0.000234866
-0.106222 2.41723e-05
-0.0780493 -0.000201838
-0.00050435 -0.000299975
0.0777935 -0.000207859
0.106148 1.59565e-05
0.0678257 0.00022965
-0.0139118 0.000297778
-0.0867857 0.000176987
-0.104293 -5.59459e-05
-0.0562735 -0.00025346
0.0280699 -0.000290331
0.0941158 -0.000143067
0.100694 9.47798e-05
0.0436051 0.000272598
-0.0416332 0.000277551
-0.0998298 0.00010644
-0.0952821 -0.000132057
-0.0300509 -0.000286952
0.0543099 -0.000259887
0.103833 -6.80499e-05
0.08814 0.000166821
0.0159434 0.000296039
-0.0659606 0.00023743
-0.106083 2.82968e-05
-0.0792708 -0.000198732
-0.00162894 -0.000299903
0.0764024 -0.000210825
0.106511 1.18087e-05
0.0688737 0.000226949
-0.0125934 0.000298262
-0.085598 0.000180308
-0.10495 -5.18523e-05
-0.0572112 -0.000251217
0.0264891 -0.000291354
0.0933659 -0.000146691
0.101413 9.08183e-05
0.044581 0.000270852
-0.039919 0.000279094
-0.0995169 0.000110309
-0.0959389 -0.000128307
-0.0312614 -0.000285726
0.0526957 -0.000261923
0.103879 -7.20957e-05
0.0886749 0.000163358
0.0174962 0.000295347
-0.0646601 0.000239932
-0.106261 3.24403e-05
-0.0798741 -0.000195614
-0.00343078 -0.000299755
0.075549 -0.000213756
0.106603 7.6503e-06
0.0697559 0.000224227
-0.0107623 0.000298663
-0.0850702 0.000183615
-0.104989 -4.77581e-05
-0.0584726 -0.000248931
0.0248811 -0.000292304
0.0929751 -0.000150313
0.101487 8.68643e-05
0.0462134 0.000269038
-0.0386536 0.000280583
-0.0991014 0.000114171
-0.096275 -0.000124557
-0.033044 -0.00028442
0.0517507 -0.000263929
0.103328 -7.61198e-05
0.0894706 0.00015987
0.0191786 0.000294578
-0.0638443 0.000242415
-0.105746 3.65555e-05
-0.0810803 -0.000192447
-0.00485273 -0.000299546
0.0746524 -0.000216662
0.106331 3.51509e-06
0.0712402 0.000221436
-0.00959774 0.000299023
-0.0840539 0.000186886
-0.105124 -4.36683e-05
-0.0599821 -0.000246574
0.0238167 -0.000293224
0.091889 -0.000153884
0.102137 8.28848e-05
0.0475384 0.000267166
-0.0374957 0.000282039
-0.0981874 0.000117985
-0.0972583 -0.000120761
-0.0341828 -0.000283072
0.0503743 -0.000265886
0.102831 -8.01146e-05
0.090566 0.000156328
