0 0.0004
-0.111736 0.000249816
-0.138305 -9.1525e-05
-0.0581664 -0.000362983
0.0657588 -0.000356278
0.139866 -7.66005e-05
0.106652 0.000261567
-0.00860124 0.000399553
-0.116586 0.000231015
-0.136022 -0.000114262
-0.0506209 -0.00037225
0.0733073 -0.000344957
0.14088 -5.33883e-05
0.101109 0.000278915
-0.0169544 0.00039771
-0.121291 0.000211423
-0.133069 -0.000136607
-0.0429857 -0.00038023
0.080553 -0.000332434
0.141582 -3.0002e-05
0.094962 0.000295307
-0.0250143 0.000394483
-0.125697 0.0001911
-0.129681 -0.000158475
-0.0350465 -0.000386902
0.0872825 -0.000318751
0.142047 -6.51865e-06
0.0883052 0.000310679
-0.0329539 0.000389893
-0.129543 0.000170108
-0.126073 -0.000179787
-0.0267314 -0.00039224
0.0935011 -0.000303964
0.142117 1.69902e-05
0.0814005 0.000324968
-0.0409775 0.00038396
-0.132684 0.000148522
-0.122249 -0.000200477
-0.0182023 -0.000396216
0.0994063 -0.000288133
0.141549 4.045e-05
0.0744571 0.000338124
-0.0491056 0.000376702
-0.135213 0.000126424
-0.118014 -0.000220481
-0.00973243 -0.000398809
0.105187 -0.000271315
0.140234 6.37776e-05
0.0674593 0.000350107
-0.0571299 0.000368132
-0.137367 0.0001039
-0.113161 -0.000239734
-0.00148321 -0.00040001
0.110833 -0.000253564
0.138303 8.68838e-05
0.0602029 0.000360884
-0.064781 0.000358278
-0.139299 8.10259e-05
-0.107679 -0.000258164
0.00661718 -0.000399825
0.116122 -0.000234932
0.136011 0.000109682
0.0525073 0.000370421
-0.0719529 0.000347175
-0.140927 5.78734e-05
-0.101775 -0.000275699
0.0147816 -0.000398262
0.12081 -0.000215479
0.133505 0.000132094
0.0444067 0.000378677
-0.0787767 0.000334874
-0.142008 3.45136e-05
-0.095703 -0.00029227
0.0231433 -0.000395326
0.124837 -0.000195278
0.130695 0.000154051
0.0361428 0.000385614
-0.085476 0.000321422
-0.142355 1.10258e-05
-0.0895481 -0.000307827
0.031608 -0.00039102
0.128366 -0.000174408
0.127349 0.000175486
0.0279667 0.000391203
-0.092137 0.000306866
-0.142008 -1.25021e-05
-0.0831684 -0.000322322
0.0399135 -0.000385351
0.131625 -0.000152947
0.123311 0.000196324
0.0199316 0.000395432
-0.0986077 0.000291246
-0.141192 -3.598e-05
-0.0763448 -0.000335712
0.0478435 -0.000378336
0.134681 -0.000130965
0.11866 0.000216486
0.0118701 0.000398293
-0.104617 0.00027461
-0.140115 -5.93247e-05
-0.069002 -0.000347947
0.0553997 -0.000370008
0.137371 -0.000108528
0.113649 0.000235893
0.00357493 0.000399783
-0.110008 0.000257017
-0.138776 -8.2462e-05
-0.0612996 -0.000358976
0.062775 -0.000360405
0.139441 -8.57085e-05
0.108485 0.000254477
-0.0049819 0.000399891
-0.114859 0.000238537
-0.13697 -0.000105321
-0.053508 -0.000368752
0.0701527 -0.000349563
0.140772 -6.25865e-05
0.103153 0.000272179
-0.0135968 0.000398607
-0.1194 0.000219242
-0.134482 -0.000127828
-0.0457856 -0.000377243
0.0775154 -0.000337515
0.141483 -3.92507e-05
0.0974477 0.000288948
-0.0219962 0.00039593
-0.123779 0.000199199
-0.13129 -0.000149899
-0.0380574 -0.000384427
0.0846369 -0.000324293
0.141817 -1.57887e-05
0.0911782 0.000304727
-0.0300632 0.000391874
-0.127913 0.000178469
-0.127594 -0.000171448
-0.0301091 -0.000390287
0.0912668 -0.000309939
0.141915 7.71939e-06
0.0843657 0.000319456
-0.0379191 0.00038646
-0.13155 0.000157116
-0.12364 -0.000192397
-0.0218075 -0.000394802
0.0973377 -0.000294509
0.141685 3.12011e-05
0.0772429 0.000333074
-0.0457848 0.000379716
-0.134491 0.000135212
-0.119508 -0.000212677
-0.013248 -0.000397949
0.103006 -0.000278065
0.140886 5.45838e-05
0.0700601 0.000345528
-0.0537503 0.000371663
-0.13676 0.00011284
-0.115047 -0.000232227
-0.00469339 -0.000399709
0.10849 -0.00026067
0.139351 7.77872e-05
0.0628756 0.000356782
-0.0616658 0.000362319
-0.138574 9.00854e-05
-0.110033 -0.000250985
0.00364011 -0.000400073
0.11385 -0.000242381
0.137143 0.000100724
0.0555246 0.000366804
-0.0692555 0.000351711
-0.140135 6.70305e-05
-0.104382 -0.000268883
0.0117538 -0.000399046
0.118918 -0.000223252
0.134506 0.000123306
0.0477948 0.000375565
-0.0763484 0.000339877
-0.141436 4.37481e-05
-0.0982492 -0.00028585
0.0198389 -0.000396643
0.123431 -0.000203344
0.131641 0.000145454
0.0396477 0.00038303
-0.0830126 0.000326866
-0.142264 2.0309e-05
-0.0919 -0.000301821
0.0280758 -0.000392873
0.12726 -0.000182726
0.128532 0.000167098
0.031279 0.000389162
-0.0894694 0.000312732
-0.142394 -3.20991e-06
-0.0854874 -0.00031674
0.0364427 -0.000387745
0.130515 -0.000161481
0.124968 0.000188172
0.0229629 0.000393935
-0.0958662 0.000297525
-0.141791 -2.67225e-05
-0.0789311 -0.000330565
0.0447099 -0.000381267
0.133428 -0.000139688
0.120749 0.000208608
0.0148243 0.000397335
-0.102119 0.00028129
-0.140644 -5.01386e-05
-0.0720123 -0.000343254
0.0526235 -0.000373458
0.136133 -0.000117422
0.115882 0.000228327
0.0067495 0.000399359
-0.107972 0.000264075
-0.139193 -7.33723e-05
-0.0645946 -0.000354764
0.0601124 -0.000364349
0.138532 -9.4751e-05
0.110588 0.000247252
-0.00148239 0.000400006
-0.113211 0.000245938
-0.137511 -9.63478e-05
-0.0567713 -0.000365046
0.067328 -0.000353983
0.140376 -7.17456e-05
0.105114 0.000265314
-0.0099678 0.000399272
-0.117847 0.00022695
-0.135442 -0.000118995
-0.0488032 -0.000374055
0.0744824 -0.000342401
0.141487 -4.84844e-05
0.0995194 0.000282454
-0.0185628 0.000397152
-0.122088 0.000207184
-0.132748 -0.000141242
-0.0409037 -0.000381759
0.0816305 -0.000329639
0.141917 -2.5055e-05
0.0936393 0.000298622
-0.0269897 0.000393645
-0.12613 0.000186714
-0.129339 -0.000163009
-0.0330689 -0.000388138
0.0885969 -0.000315734
0.141896 -1.54692e-06
0.0872547 0.000313767
-0.0350673 0.000388764
-0.129963 0.000165603
-0.125361 -0.000184212
-0.025106 -0.000393178
0.0951144 -0.000300728
0.141619 2.19571e-05
0.0803146 0.000327833
-0.0428524 0.000382535
-0.133369 0.000143915
-0.121073 -0.000204771
-0.0168349 -0.000396864
0.101047 -0.000284675
0.141066 4.53829e-05
0.0730037 0.000340761
-0.050561 0.000374987
-0.136109 0.000121722
-0.11662 -0.000224617
-0.00827854 -0.000399177
0.106494 -0.000267639
0.140021 6.86588e-05
0.0655936 0.000352499
-0.0583423 0.000366148
-0.138135 9.91038e-05
-0.111917 -0.000243687
0.000331955 -0.0004001
0.111681 -0.000249688
0.138272 9.17079e-05
0.0582138 0.000363009
-0.0661159 0.000356041
-0.139627 7.61489e-05
-0.106738 -0.000261925
0.00874209 -0.000399626
0.116735 -0.000230883
0.135813 0.000114445
0.0507553 0.000372263
-0.073621 0.000344693
-0.140815 5.29414e-05
-0.100939 -0.000279267
0.01688 -0.00039776
0.121551 -0.000211281
0.132852 0.000136782
0.042995 0.000380236
-0.0806344 0.000332142
-0.141767 2.95575e-05
-0.0946082 -0.000295645
0.0248957 -0.000394519
0.125872 -0.000190942
0.129629 0.000158639
0.0348273 0.000386898
-0.0871532 0.000318438
-0.142321 6.06828e-06
-0.0880023 -0.000310994
0.0329978 -0.00038992
0.129511 -0.000169935
0.126202 0.000179943
0.0263871 0.000392217
-0.093375 0.000303639
-0.142229 -1.74515e-05
-0.08133 -0.000325257
0.0412368 -0.000383975
0.13251 -0.000148342
0.122405 0.00020063
0.0179505 0.000396167
-0.0994936 0.0002878
-0.141388 -4.09182e-05
-0.074582 -0.000338394
0.0494334 -0.000376695
0.135086 -0.000126244
0.11801 0.000220636
0.00970553 0.000398734
-0.105499 0.000270969
-0.139935 -6.42422e-05
-0.0675612 -0.000350365
0.0573163 -0.000368101
0.137429 -0.000103721
0.112952 0.000239886
0.00160458 0.000399917
-0.111168 0.000253197
-0.138118 -8.7336e-05
-0.0600844 -0.000361134
0.0647453 -0.000358224
0.139511 -8.0844e-05
0.107404 0.000258304
-0.00656516 0.00039972
-0.116252 0.00023454
-0.13608 -0.000110121
-0.0521729 -0.000370654
0.0718151 -0.000347108
0.14111 -5.76819e-05
0.10163 0.000275821
-0.0149577 0.000398145
-0.120688 0.000215067
-0.133725 -0.000132528
-0.0440561 -0.000378885
0.0787446 -0.000334799
0.142005 -3.43116e-05
0.095762 0.000292377
-0.0234989 0.00039519
-0.124643 0.000194858
-0.130819 -0.000154487
-0.0359866 -0.000385793
0.0856543 -0.000321339
0.142175 -1.08191e-05
0.0896925 0.000307924
-0.0319283 0.000390857
-0.128343 0.000173985
-0.127211 -0.000175921
-0.0280338 -0.000391359
0.0924332 -0.000306768
0.141817 1.27054e-05
0.083194 0.000322415
-0.0400141 0.000385158
-0.131851 0.000152519
-0.12298 -0.000196751
-0.0200462 -0.000395571
0.0988189 -0.000291128
0.141163 3.61763e-05
0.0761499 0.000335799
-0.0477411 0.00037812
-0.135 0.000130523
-0.118374 -0.000216894
-0.0118155 -0.000398422
0.104617 -0.000274473
0.140266 5.95172e-05
0.068683 0.000348019
-0.055299 0.000369777
-0.137532 0.000108068
-0.113598 -0.000236279
-0.00329271 -0.000399897
0.109859 -0.000256867
0.138956 8.26573e-05
0.0610645 0.000359025
-0.0628812 0.000360163
-0.139331 8.5234e-05
-0.108635 -0.000254847
0.0053409 -0.000399981
0.114757 -0.000238383
0.136995 0.000105522
0.0534862 0.000368778
-0.0704811 0.000349304
-0.140519 6.21078e-05
-0.103281 -0.000272542
0.0138128 -0.000398669
0.119489 -0.000219084
0.134305 0.00012803
0.0459065 0.000377252
-0.0778736 0.000337231
-0.14134 3.87766e-05
-0.097347 -0.000289305
0.0219819 -0.000395967
0.124024 -0.000199033
0.131046 0.000150094
0.0381132 0.000384426
-0.0848005 0.000323979
-0.141927 1.53197e-05
-0.0908493 -0.000305071
0.0299409 -0.000391892
0.128131 -0.000178289
0.127473 0.000171631
0.0299452 0.000390276
-0.0911859 0.000309601
-0.142182 -8.19048e-06
-0.084013 -0.000319777
0.0379054 -0.000386468
0.131581 -0.00015692
0.123718 0.000192568
0.0214671 0.000394774
-0.0971848 0.000294156
-0.141858 -3.16811e-05
-0.0770862 -0.000333367
0.0459914 -0.000379712
0.134341 -0.000135006
0.119669 0.000212843
0.0129354 0.000397895
-0.103018 0.000277704
-0.140794 -5.50714e-05
-0.0701337 -0.000345798
0.0540833 -0.00037164
0.136596 -0.000112633
0.115096 0.000232393
0.00458746 0.000399626
-0.10875 0.000260297
-0.139058 -7.82732e-05
-0.0629997 -0.000357037
0.0619144 -0.000362271
0.138571 -8.9881e-05
0.109867 0.000251148
-0.00355162 0.000399966
-0.114207 0.000241989
-0.136891 -0.000101198
-0.0554728 -0.000367048
0.0692858 -0.000351639
0.140313 -6.6825e-05
0.104094 0.000269035
-0.0116657 0.000398925
-0.119124 0.000222835
-0.134489 -0.000123765
-0.0475025 -0.000375794
0.0762241 -0.000339787
0.141645 -4.3535e-05
0.0980381 0.000285984
-0.0199505 0.000396509
-0.123371 0.000202905
-0.131828 -0.000145903
-0.0392691 -0.000383235
0.0829338 -0.000326767
0.142321 -2.00856e-05
0.0918923 0.000301936
-0.0284055 0.000392722
-0.127058 0.000182276
-0.128699 -0.000167545
-0.0310437 -0.000389338
0.0895878 -0.000312626
0.14225 3.43953e-06
0.0856177 0.000316842
-0.0368079 0.000387567
-0.130418 0.000161028
-0.124902 -0.00018862
-0.0229656 -0.000394083
0.0961472 -0.000297405
0.141577 2.69501e-05
0.0790006 0.00033066
-0.0448928 0.000381057
-0.133582 0.000139232
-0.120445 -0.000209047
-0.0149407 -0.000397463
0.102376 -0.000281151
0.14055 5.03585e-05
0.0718705 0.000343342
-0.0525718 0.000373221
-0.136446 0.000116956
-0.115546 -0.000228748
-0.00675338 -0.000399474
0.108037 -0.000263915
0.139294 7.35859e-05
0.0642798 0.000354837
-0.0599897 0.000364095
-0.138757 9.42684e-05
-0.110449 -0.00024765
0.00171032 -0.000400106
0.11309 -0.000245763
0.137697 9.65612e-05
0.056478 0.000365097
-0.0673649 0.000353716
-0.140338 7.12472e-05
-0.10521 -0.000265692
0.0103325 -0.000399351
0.117711 -0.000226768
0.135519 0.000119213
0.0487044 0.000374081
-0.0747628 0.000342118
-0.141245 4.79794e-05
-0.0996686 -0.00028282
0.0188445 -0.000397202
0.122114 -0.000207001
0.132616 0.000141461
0.0409909 0.000381764
-0.0820115 0.000329333
-0.14171 2.45539e-05
-0.0936071 -0.000298981
0.0270461 -0.000393667
0.126341 -0.000186524
0.129085 0.000163223
0.033157 0.000388129
-0.0888381 0.000315398
-0.141922 1.05307e-06
-0.0869699 -0.000314114
0.0349617 -0.000388765
0.130208 -0.0001654
0.125179 0.000184413
0.0250024 0.000393158
-0.0950985 0.000300365
-0.141853 -2.24492e-05
-0.0799334 -0.000328158
0.0427925 -0.000382522
0.133461 -0.000143697
0.121086 0.000204958
0.0165183 0.000396827
-0.100889 0.000284293
-0.141283 -4.58809e-05
-0.0727648 -0.000341057
0.0507066 -0.000374962
0.135998 -0.000121492
0.116769 0.000224795
0.00792166 0.000399114
-0.106438 0.000267248
-0.140003 -6.91643e-05
-0.065599 -0.000352768
0.0586602 -0.000366106
0.137952 -9.88705e-05
0.112009 0.000243863
-0.000518961 0.000400007
-0.111873 0.000249287
-0.138009 -9.22135e-05
-0.0583379 -0.000363259
0.0664128 -0.000355975
0.139562 -7.5918e-05
0.106625 0.000262098
-0.00870548 0.000399505
-0.117088 0.000230466
-0.135512 -0.00011494
-0.050763 -0.0003725
0.0737221 -0.000344601
0.140945 -5.27117e-05
0.100656 0.00027943
-0.0167743 0.000397621
-0.121823 0.00021084
-0.132745 -0.00013726
-0.0427588 -0.000380458
0.0805422 -0.00033203
0.141984 -2.93227e-05
0.0943422 0.00029579
-0.0249434 0.000394366
-0.125887 0.000190477
-0.129762 -0.000159102
-0.0344428 -0.000387098
0.0870424 -0.000318315
0.142431 -5.82409e-06
0.0879206 0.000311117
-0.0332834 0.00038975
-0.129323 0.000169456
-0.126392 -0.000180401
-0.0260828 -0.000392387
0.0934305 -0.000303508
0.142132 1.77029e-05
0.0814269 0.000325363
-0.0416261 0.000383779
-0.132352 0.000147858
-0.12241 -0.000201087
-0.0178778 -0.000396306
0.0997415 -0.000287657
0.141168 4.11692e-05
0.0746813 0.000338489
-0.049694 0.000376467
-0.135159 0.00012576
-0.117752 -0.000221086
-0.009802 -0.000398849
0.105785 -0.000270809
0.139782 6.44856e-05
0.0674768 0.000350453
-0.0573311 0.000367843
-0.137712 0.00010323
-0.112588 -0.000240319
-0.00165468 -0.000400017
0.1113 -0.000253015
0.138158 8.75708e-05
0.0597927 0.000361207
-0.0646222 0.000357944
-0.139782 8.03388e-05
-0.10718 -0.000258713
0.00673048 -0.000399805
0.116175 -0.00023434
0.136253 0.000110353
0.0518371 0.000370706
-0.0717893 0.000346814
-0.141149 5.71607e-05
-0.101655 -0.000276206
0.015307 -0.00039821
0.120535 -0.000214859
0.133844 0.000132761
0.0438786 0.000378909
-0.0789621 0.000334491
-0.141796 3.37816e-05
-0.0959101 -0.000292746
0.0238317 -0.000395227
0.124608 -0.000194646
0.13074 0.000154722
0.0360218 0.000385792
-0.0860346 0.000321009
-0.141922 1.02916e-05
-0.089721 -0.000308284
0.0320604 -0.000390863
0.128506 -0.00017377
0.126965 0.000176152
0.0281361 0.00039134
-0.0927409 0.000306409
-0.141756 -1.32242e-05
-0.0829673 -0.000322763
0.0399448 -0.00038514
0.132105 -0.000152293
0.122746 0.000196969
0.0200019 0.00039554
-0.0988791 0.000290739
-0.141343 -3.66895e-05
-0.075763 -0.000336126
0.0476506 -0.000378086
0.135149 -0.000130282
0.118317 0.000217096
0.01154 0.000398374
-0.104477 0.000274063
-0.140507 -6.00328e-05
-0.0683722 -0.000348316
0.055381 -0.000369731
0.137472 -0.000107814
0.113714 0.000236469
0.00291152 0.000399824
-0.109748 0.000256446
-0.139011 -8.31792e-05
-0.0609904 -0.000359292
0.0631655 -0.000360101
0.139145 -8.49745e-05
0.108754 0.000255031
-0.00560465 0.000399877
-0.114872 0.000237953
-0.136781 -0.000106046
-0.0535877 -0.000369022
0.0708087 -0.000349219
0.140399 -6.18502e-05
0.103224 0.000272722
-0.0138435 0.000398534
-0.119815 0.00021864
-0.133978 -0.000128544
-0.0459606 -0.00037748
0.0780446 -0.000337119
0.14141 -3.8522e-05
0.0970882 0.000289475
-0.0218796 0.000395808
-0.124344 0.000198567
-0.130854 -0.000150589
-0.0379414 -0.000384639
0.0847563 -0.000323844
0.142133 -1.5063e-05
0.0905438 0.000305224
-0.0299316 0.000391718
-0.128225 0.000177799
-0.127534 -0.000172109
-0.0295765 -0.000390468
0.0910608 -0.000309452
0.142336 8.45499e-06
0.0838557 0.000319907
-0.0381329 0.000386277
-0.131428 0.000156413
-0.123905 -0.000193037
-0.021109 -0.000394936
0.0971803 -0.000293998
0.141817 3.19533e-05
0.077132 0.000333476
-0.0463822 0.000379497
-0.134141 0.000134493
-0.119736 -0.000213308
-0.0127823 -0.000398024
0.103218 -0.000277536
0.140586 5.53446e-05
0.0702451 0.000345893
-0.0544109 0.000371393
-0.136585 0.000112119
-0.114898 -0.000232851
-0.00464377 -0.000399727
0.109045 -0.000260114
0.138859 7.85392e-05
0.062971 0.000357121
-0.0620066 0.000361991
-0.138802 8.93642e-05
-0.109499 -0.000251591
0.00347206 -0.000400049
0.114398 -0.000241784
0.136863 0.000101453
0.0552201 0.00036712
-0.0691845 0.000351333
-0.140609 6.62971e-05
-0.103796 -0.000269453
0.0117663 -0.000398993
0.119103 -0.000222611
0.134631 0.000124014
0.0471433 0.000375844
-0.0761486 0.000339465
-0.141758 4.29918e-05
-0.0979803 -0.000286375
0.0202654 -0.000396558
0.123219 -0.00020267
0.131977 0.000146152
0.039017 0.000383255
-0.0830795 0.000326431
-0.142163 1.9532e-05
-0.0920157 -0.000302307
0.028771 -0.000392743
0.12697 -0.000182037
0.128676 0.000167795
0.0310123 0.000389329
-0.0899441 0.00031227
-0.141972 -3.99233e-06
-0.0856931 -0.0003172
0.0370144 -0.000387557
0.130523 -0.000160786
0.124681 0.000188866
0.0230619 0.000394053
-0.0965046 0.000297022
-0.141432 -2.74936e-05
-0.0788403 -0.000331006
0.0448761 -0.00038102
0.133825 -0.000138982
0.120175 0.000209281
0.0149484 0.000397418
-0.102517 0.000280737
-0.140658 -5.08931e-05
-0.0715003 -0.000343668
0.0524694 -0.000373164
0.136641 -0.000116692
0.115417 0.000228964
0.00653174 0.000399412
-0.107937 0.000263476
-0.139534 -7.41188e-05
-0.0639132 -0.000355135
0.0600116 -0.000364025
0.138755 -9.39906e-05
0.110515 0.00024785
-0.00209432 0.000400021
-0.112941 0.000245311
-0.137816 -9.70984e-05
-0.0563192 -0.000365361
0.0676006 -0.000353631
0.140167 -7.09622e-05
0.105341 0.000265883
-0.0106626 0.000399234
-0.117746 0.000226308
-0.135368 -0.000119752
-0.0487621 -0.000374318
0.0751014 -0.000342012
0.141081 -4.76955e-05
0.0996657 0.000283006
-0.0189527 0.000397051
-0.122391 0.000206529
-0.132285 -0.000141992
-0.0410737 -0.000381982
0.0822455 -0.0003292
0.141715 -2.42743e-05
0.0933868 0.000299158
-0.0269687 0.000393489
-0.126688 0.000186033
-0.12882 -0.000163736
-0.0330515 -0.000388331
0.0888537 -0.00031524
0.142097 -7.74032e-07
0.0866429 0.000314274
-0.0349083 0.000388568
-0.130379 0.000164885
-0.125155 -0.000184905
-0.0246692 -0.00039334
0.094978 -0.000300189
0.142037 2.27337e-05
0.0797046 0.000328293
-0.0429537 0.000382308
-0.133364 0.000143162
-0.121248 -0.000205436
-0.0161257 -0.00039698
0.100833 -0.000284108
0.141299 4.61728e-05
0.0727454 0.000341167
-0.0510765 0.000374726
-0.135778 0.000120949
-0.116883 -0.000225266
-0.00768968 -0.000399233
0.10658 -0.000267054
0.139822 6.94585e-05
0.0657027 0.00035286
-0.0590384 0.000365838
-0.13786 9.83274e-05
-0.11188 -0.000244328
0.000520011 -0.000400095
0.112159 -0.000249079
0.137778 9.25014e-05
0.0583576 0.000363338
-0.0665869 0.000355672
-0.139722 7.53746e-05
-0.106274 -0.000262548
0.00861623 -0.000399571
0.117327 -0.000230237
0.135415 0.000115216
0.0505613 0.000372566
-0.0736636 0.000344269
-0.14124 5.21608e-05
-0.100302 -0.000279856
0.0168142 -0.00039767
0.121863 -0.000210591
0.132839 0.000137527
0.0423966 0.000380503
-0.0804349 0.000331679
-0.142163 2.87583e-05
-0.0941965 -0.000296186
0.0252087 -0.000394397
0.125754 -0.000190215
0.129921 0.000159365
0.0341262 0.000387113
-0.087114 0.000317949
-0.142339 5.24837e-06
-0.0879973 -0.000311488
0.033661 -0.000389754
0.129194 -0.000169189
0.126422 0.000180664
0.0259748 0.000392371
-0.0937417 0.000303125
-0.141854 -1.82798e-05
-0.0815303 -0.000325719
0.0418996 -0.000383752
0.132393 -0.000147589
0.122228 0.000201347
0.017947 0.000396264
-0.100127 0.000287248
-0.140951 -4.17369e-05
-0.0745889 -0.000338831
0.0497422 -0.00037641
0.135373 -0.000125485
0.117464 0.000221334
0.00984899 0.000398789
-0.106005 0.000270369
-0.139806 -6.50415e-05
-0.0671433 -0.000350776
0.0572369 -0.000367763
0.137937 -0.000102944
0.112391 0.000240548
0.00149445 0.000399939
-0.111258 0.000252548
-0.138371 -8.81208e-05
-0.0593902 -0.000361502
0.0645932 -0.000357849
0.13984 -8.0038e-05
0.107183 0.000258923
-0.00709613 0.000399705
-0.116011 0.000233856
-0.13642 -0.000110904
-0.0515954 -0.000370967
0.0719663 -0.000346705
0.14101 -5.6851e-05
0.101777 0.000276403
-0.0156877 0.000398078
-0.120495 0.000214367
-0.133764 -0.000133315
-0.0438746 -0.000379138
0.0792914 -0.000334362
0.141603 -3.34717e-05
0.0959532 0.000292936
-0.0240216 0.000395059
-0.124819 0.000194145
-0.13043 -0.000155269
-0.0361123 -0.000385998
0.0863196 -0.000320855
0.141862 -9.98667e-06
0.0895502 0.000308464
-0.0320281 0.000390664
-0.128855 0.000173252
-0.126643 -0.000176681
-0.0280921 -0.000391529
0.0928231 -0.000306227
0.141885 1.35258e-05
0.0826383 0.000322927
-0.0398647 0.000384918
-0.132344 0.000151752
-0.122632 -0.000197475
-0.0197196 -0.000395709
0.098782 -0.000290538
0.141538 3.69937e-05
0.0754725 0.000336264
-0.0477437 0.000377847
-0.135119 0.000129721
-0.11843 -0.000217583
-0.0111344 -0.000398515
0.104382 -0.000273849
0.140577 6.03434e-05
0.0682785 0.000348427
-0.0557099 0.000369471
-0.137255 0.000107242
-0.113856 -0.000236946
-0.00260851 -0.00039993
0.109826 -0.000256224
0.138872 8.3493e-05
0.0610661 0.000359381
-0.0635739 0.000359811
-0.138984 8.4402e-05
-0.108695 -0.0002555
0.00567563 -0.000399949
0.115129 -0.000237719
0.136534 0.000106354
0.0536431 0.000369095
-0.0710623 0.000348894
-0.140478 6.12798e-05
-0.102912 -0.000273177
0.0137655 -0.00039858
0.120087 -0.000218388
0.133817 0.00012884
0.0458165 0.000377539
-0.0780466 0.000336761
-0.141682 3.79479e-05
-0.0966971 -0.000289907
0.0218687 -0.000395836
0.124448 -0.000198294
0.130888 0.000150873
0.0375962 0.000384677
-0.0846383 0.000323463
-0.142362 1.4478e-05
-0.090312 -0.000305624
0.030137 -0.000391728
0.128128 -0.00017751
0.127685 0.000172386
0.0292104 0.000390476
-0.0910629 0.000309056
-0.142317 -9.05142e-06
-0.0838671 -0.000320278
0.0385016 -0.000386263
0.131274 -0.000156117
0.123981 0.000193311
0.0209206 0.00039491
-0.0974295 0.000293586
-0.141562 -3.25527e-05
-0.0772418 -0.000333827
0.0467099 -0.000379451
0.134118 -0.000134196
0.119604 0.000213579
0.0128051 0.000397969
-0.103609 0.0002771
-0.140313 -5.59356e-05
-0.0702152 -0.000346229
0.0545306 -0.000371315
0.136754 -0.000111818
0.11461 0.000233112
0.00471294 0.00039965
-0.109334 0.000259648
-0.138793 -7.91164e-05
-0.0626901 -0.000357439
0.0619399 -0.000361887
0.13904 -8.9054e-05
0.109243 0.000251832
-0.0035696 0.000399953
-0.114427 0.000241289
-0.137027 -0.00010202
-0.054804 -0.00036741
0.0691183 -0.000351212
0.140723 -6.59737e-05
0.103728 0.000269673
-0.0120946 0.000398875
-0.118946 0.000222097
-0.134827 -0.000124578
-0.0468269 -0.0003761
0.0762622 -0.00033933
0.141664 -4.26584e-05
0.0980751 0.000286578
-0.0206772 0.000396409
-0.123115 0.000202145
-0.131968 -0.000146717
-0.0389383 -0.000383476
0.0833805 -0.000326278
0.141959 -1.91968e-05
0.0920921 0.000302498
-0.0290403 0.000392557
-0.127102 0.000181505
-0.128406 -0.000168355
-0.0310885 -0.000389523
0.0902639 -0.000312092
0.141851 4.32238e-06
0.0855775 0.000317382
-0.0370443 0.000387336
-0.130849 0.000160241
-0.124323 -0.000189409
-0.0230686 -0.000394227
0.0966544 -0.000296817
0.141502 2.7818e-05
0.0785281 0.000331171
-0.04479 0.000380773
-0.134116 0.000138417
