0 0.0003
-0.0777424 0.000207068
-0.10654 -1.70667e-05
-0.0672011 -0.000230435
0.0141249 -0.000297756
0.0869558 -0.0001762
0.104497 5.69379e-05
0.0555799 0.000254046
-0.0280895 0.000290036
-0.0945645 0.000142029
-0.10055 -9.59386e-05
-0.043034 -0.000273194
0.0416646 -0.000277197
0.100367 -0.000105444
0.0948241 0.000133072
0.0297571 0.0002873
-0.0545726 0.000259255
-0.10426 6.68155e-05
-0.087503 -0.000167952
-0.0158525 -0.000296334
0.0664931 -0.00023676
0.106176 -2.71293e-05
0.0787425 0.00019967
0.00154722 0.000299921
-0.0771252 0.000209878
-0.106248 -1.31951e-05
-0.0685617 -0.000227922
0.0128849 -0.000298207
0.0862245 -0.000179344
0.104499 5.31317e-05
0.0571245 0.000251943
-0.0270974 0.000291012
-0.0937287 0.000145444
-0.100969 -9.2258e-05
-0.0445177 -0.000271547
0.04074 -0.000278677
0.0995135 -0.000109065
0.0957167 0.000129576
0.0310071 0.000286149
-0.0535373 0.000261203
-0.103632 7.05845e-05
-0.0886585 -0.000164705
-0.0169045 -0.000295702
0.0652495 -0.000239134
0.106004 -3.09866e-05
0.0799204 0.000196737
0.00255882 0.000299818
-0.0758154 0.000212633
-0.106516 -9.31355e-06
-0.069617 -0.000225364
0.0117119 -0.000298627
0.0850648 -0.000182432
0.105124 4.92925e-05
0.0580037 0.000249813
-0.0256739 0.00029194
-0.0929195 0.000148819
-0.101713 -8.85375e-05
-0.0453922 -0.000269881
0.0391303 -0.000280091
0.099196 -0.000112674
0.096353 0.000126049
0.0320808 0.00028497
-0.0519696 0.000263082
-0.103665 7.43628e-05
-0.0892007 -0.000161441
-0.0182929 -0.000295026
0.0639775 -0.000241449
0.106194 -3.48637e-05
0.0804533 0.000193795
0.00423064 0.000299649
-0.0749356 0.000215352
-0.106691 -5.41586e-06
-0.0703588 -0.000222792
0.00996183 -0.000298971
0.0845705 -0.000185509
0.105159 4.54526e-05
0.0591357 0.000247648
-0.0240928 0.000292798
-0.0926029 0.000152195
-0.101767 -8.48241e-05
-0.046879 -0.000268159
0.0378982 -0.000281455
0.0988334 -0.00011628
0.0966204 0.000122525
0.0337727 0.000283719
-0.051058 0.000264932
-0.103218 7.81275e-05
-0.0898424 -0.000158162
-0.019933 -0.000294276
0.0632407 -0.00024375
0.105688 -3.8714e-05
0.0815608 0.000190813
0.00562163 0.000299423
-0.0741765 0.000218055
-0.106363 -1.5433e-06
-0.0717543 -0.00022016
0.00884965 -0.000299278
0.0836381 -0.000188556
0.105242 4.16202e-05
0.0605896 0.000245418
-0.0231238 0.000293632
-0.0916014 0.000155529
-0.102291 -8.10942e-05
-0.0481956 -0.000266379
0.0368647 -0.000282794
0.097937 -0.000119841
0.0975469 0.00011896
0.0348603 0.00028243
-0.0498409 0.000266744
-0.102646 8.18592e-05
-0.0909262 -0.000154832
-0.0209165 -0.000293501
0.061838 -0.000245996
0.10562 -4.25584e-05
0.0825604 0.000187784
0.00669665 0.000299171
-0.0727979 0.000220696
-0.10669 2.34669e-06
-0.0726192 -0.000217495
0.00752312 -0.000299545
0.0825346 -0.00019155
0.105799 3.77549e-05
0.0613611 0.000243168
-0.0215438 0.000294406
-0.0909022 0.00015883
-0.10287 -7.73319e-05
-0.0490841 -0.000264581
0.0351884 -0.000284061
0.0976903 -0.000123397
0.0979766 0.000115377
0.0360572 0.000281107
-0.0483171 0.000268488
-0.102652 8.56025e-05
-0.0913167 -0.000151494
-0.0224466 -0.00029267
0.0606866 -0.000248192
0.105651 -4.64156e-05
0.0830741 0.000184751
0.00843935 0.000298845
-0.0720229 0.000223311
-0.106655 6.24083e-06
-0.0734454 -0.000214812
0.00581817 -0.000299735
0.0820348 -0.000194537
0.105665 3.39005e-05
0.0626199 0.000240875
-0.0200934 0.000295118
-0.0904652 0.000162129
-0.102855 -7.35824e-05
-0.0506441 -0.000262718
0.0340857 -0.000285289
0.0971231 -0.000126938
0.0983072 0.000111793
0.0377044 0.00027971
-0.0474503 0.000270209
-0.102014 8.93198e-05
-0.0920705 -0.000148134
-0.0239481 -0.000291774
0.0598578 -0.000250371
0.105065 -5.02396e-05
0.0842504 0.000181668
0.0096701 0.000298473
-0.071083 0.0002259
-0.106353 1.01108e-05
-0.0748105 -0.000212067
0.00478995 -0.000299897
0.0809171 -0.000197482
0.105852 3.00453e-05
0.0639262 0.000238523
-0.0190824 0.000295806
-0.0893531 0.000165377
-0.103462 -6.9808e-05
-0.0517778 -0.00026081
0.0328999 -0.000286483
0.0962484 -0.000130435
0.0992035 0.000108166
0.0386668 0.000278285
-0.0460531 0.00027188
-0.101537 9.30109e-05
-0.0930199 -0.000144727
-0.0249259 -0.000290855
0.0583473 -0.000252486
0.105083 -5.40663e-05
0.0850498 0.000178551
0.0108604 0.000298069
-0.0697039 0.000228426
-0.106685 1.40028e-05
-0.07551 -0.0002093
0.00330309 -0.000300007
0.079913 -0.00020038
0.106277 2.61622e-05
0.0646525 0.000236157
-0.0173886 0.000296426
-0.0887627 0.000168603
-0.10384 -6.6012e-05
-0.0527379 -0.00025888
0.0312245 -0.000287602
0.0960207 -0.000133933
0.0994476 0.000104533
0.0400035 0.000276817
-0.0446279 0.000273488
-0.10145 9.67117e-05
-0.0933148 -0.00014132
-0.0265646 -0.000289871
0.057322 -0.000254561
0.104916 -5.78954e-05
0.0856059 0.000175427
0.0126072 0.000297589
-0.0689932 0.000230933
-0.106444 1.7886e-05
-0.0764504 -0.000206507
0.00170224 -0.000300047
0.0793429 -0.000203271
0.106031 2.22983e-05
0.0660123 0.000233738
-0.016088 0.000296993
-0.0881551 0.000171817
-0.103822 -6.22301e-05
-0.0543101 -0.000256881
0.0302179 -0.000288691
0.0952506 -0.000137403
0.0998767 0.000100892
0.0415419 0.000275279
-0.0437428 0.000275076
-0.100666 0.000100376
-0.0941706 -0.000137882
-0.0278989 -0.000288832
0.0563488 -0.000256612
0.104316 -6.16893e-05
0.0867929 0.000172249
0.0137015 0.000297073
-0.067859 0.000233403
-0.106217 2.17501e-05
-0.0777184 -0.000203655
0.000698821 -0.000300062
0.0780809 -0.000206108
0.106316 1.84249e-05
0.067135 0.00023127
-0.0149755 0.000297532
-0.0869989 0.000174976
-0.104465 -5.84169e-05
-0.0552727 -0.000254848
0.0288597 -0.000289736
0.0944502 -0.000140833
0.100676 9.721e-05
0.0424351 0.00027372
-0.0421948 0.000276604
-0.100297 0.000104023
-0.0949387 -0.000134406
-0.0289329 -0.000287769
0.0547951 -0.000258594
0.104379 -6.54926e-05
0.0873981 0.00016905
0.0150378 0.000296515
-0.0665417 0.000235812
-0.106488 2.56365e-05
-0.0783001 -0.000200791
-0.000927702 -0.000300015
0.0771948 -0.000208909
0.10656 1.45322e-05
0.0678809 0.000228789
-0.013229 0.000297996
-0.086489 0.000178121
-0.104633 -5.45949e-05
-0.056345 -0.000252786
0.0272497 -0.000290709
0.0941779 -0.000144266
0.100779 9.35323e-05
0.0439004 0.000272107
-0.0409012 0.000278076
-0.100058 0.000107673
-0.0952028 -0.000130934
-0.0306262 -0.000286634
0.0538743 -0.000260546
0.104 -6.92859e-05
0.0880431 0.000165838
0.0167203 0.000295884
-0.0658371 0.000238206
-0.106074 2.95025e-05
-0.079358 -0.00019789
-0.00238399 -0.000299906
0.0764949 -0.000211696
0.106265 1.06631e-05
0.0692923 0.000226248
-0.0120689 0.000298419
-0.0856831 0.000181244
-0.104669 -5.07837e-05
-0.0578615 -0.000250656
0.0262861 -0.000291657
0.0932336 -0.000147659
0.101316 8.98386e-05
0.0452816 0.000270434
-0.0399337 0.000279527
-0.0991888 0.00011128
-0.0961244 -0.000127422
-0.0317915 -0.000285455
0.0527242 -0.000262463
0.103447 -7.30464e-05
0.0891732 0.000162572
0.0177252 0.000295224
-0.0645234 0.000240551
-0.10595 3.33572e-05
-0.0804725 -0.000194938
-0.00342637 -0.000299773
0.0751478 -0.000214423
0.106619 6.77658e-06
0.0702222 0.00022367
-0.0108119 0.000298806
-0.0845492 0.000184311
-0.105286 -4.69388e-05
-0.0586902 -0.000248503
0.0247629 -0.00029255
0.0925386 -0.00015102
0.101959 8.61098e-05
0.0461706 0.000268741
-0.0382873 0.000280908
-0.0989128 0.000114879
-0.0966877 -0.000123885
-0.0329315 -0.000284246
0.0511947 -0.000264312
0.103494 -7.68195e-05
0.0896171 0.000159295
0.0192111 0.000294512
-0.063313 0.000242842
-0.106095 3.72299e-05
-0.0809979 -0.000191979
-0.00514769 -0.000299569
0.0743708 -0.000217123
0.106653 2.88251e-06
0.0710432 0.000221074
-0.00908166 0.000299117
-0.0840696 0.000187371
-0.105261 -4.30975e-05
-0.0598909 -0.000246311
0.0232689 -0.000293378
0.0921577 -0.00015438
0.101983 8.23919e-05
0.0477264 0.000266986
-0.0371311 0.000282245
-0.0984815 0.000118471
-0.0969831 -0.00012035
-0.0346132 -0.000282964
0.0503337 -0.000266137
0.102919 -8.057e-05
0.0903741 0.000155998
0.0207711 0.000293732
-0.0625492 0.000245118
-0.10556 4.10733e-05
-0.0821491 -0.000188974
-0.00644421 -0.000299314
0.0734976 -0.0002198
0.106376 -9.88138e-07
0.0724418 0.000218416
-0.00802671 0.000299395
-0.0830648 0.000190395
-0.105391 -3.92604e-05
-0.0612889 -0.000244055
0.0222851 -0.000294182
0.0910901 -0.000157692
0.102609 7.86493e-05
0.0489262 0.000265182
-0.036028 0.000283553
-0.0975952 0.000122017
-0.0979146 -0.000116771
-0.0356345 -0.000281648
0.0490004 -0.000267917
0.102454 -8.42939e-05
0.0913823 0.000152651
0.0217481 0.000292928
-0.0610966 0.000247334
-0.105537 4.49145e-05
-0.083074 -0.000185929
-0.00758241 -0.000299029
0.0721325 -0.000222415
0.106744 -4.88141e-06
0.0731978 0.000215734
-0.00660661 0.000299627
-0.0820083 0.000193369
-0.105914 -3.53915e-05
-0.0620391 -0.000241783
0.0206309 -0.000294921
0.0905051 -0.00016098
0.103056 7.48819e-05
0.0498725 0.000263356
-0.034349 0.000284788
-0.0973722 0.000125561
-0.098277 -0.000113179
-0.0369092 -0.000280293
0.0475535 -0.000269631
0.10242 -8.80294e-05
0.0917183 0.000149302
0.0233593 0.000292062
-0.0600137 0.000249506
-0.105506 4.87652e-05
-0.0836075 -0.000182877
-0.00933691 -0.00029867
0.0714302 -0.000225009
0.10657 -8.76936e-06
0.0741298 0.000213026
-0.0049577 0.000299786
-0.0814957 0.000196337
-0.10574 -3.15367e-05
-0.0633572 -0.000239462
0.0192806 -0.000295604
0.0899625 -0.00016426
0.103066 7.11276e-05
0.051461 0.000261462
-0.0333083 0.000285988
-0.0967329 0.000129087
-0.0986518 -0.000109584
-0.0385126 -0.000278867
0.0466924 -0.000271326
0.101689 -9.17313e-05
0.0925829 0.000145922
0.0247587 0.000291138
-0.0591302 0.000251658
-0.104916 5.25817e-05
-0.0848046 -0.000179774
-0.010486 -0.000298269
0.0703637 -0.000227571
0.106361 -1.26383e-05
0.0754475 0.000210257
-0.0039529 0.000299919
-0.0803191 0.000199257
-0.105975 -2.76775e-05
-0.0645894 -0.000237087
0.0182151 -0.000296261
0.088836 -0.000167486
0.103738 6.73418e-05
0.0524832 0.000259531
-0.0320371 0.000287149
-0.0958911 0.000132569
-0.0995271 -0.000105945
-0.0394374 -0.000277416
0.0451972 -0.000272964
0.101331 -9.54151e-05
0.0934176 0.000142502
0.0257725 0.000290189
-0.0575984 0.000253744
-0.104966 5.64041e-05
-0.0855295 -0.000176641
-0.0117597 -0.000297832
0.0690447 -0.000230071
0.10668 -1.6531e-05
0.0760728 0.000207473
-0.00237925 0.000299994
-0.0793738 0.000202136
-0.106346 -2.37928e-05
-0.0653251 -0.000234698
0.0164843 -0.000296845
0.0883382 -0.000170697
0.103974 6.35435e-05
0.0535342 0.000257572
-0.0303942 0.000288238
-0.095663 0.000136054
-0.0997193 -0.000102304
-0.0408488 -0.000275916
0.0438725 -0.000274544
0.101155 -9.91049e-05
0.0937103 0.000139084
0.0274605 0.000289171
-0.0566353 0.000255795
-0.104728 6.02247e-05
-0.0861269 -0.000173499
-0.0134794 -0.000297319
0.0683631 -0.000232556
0.106325 -2.04063e-05
0.0771258 0.000204655
-0.000861641 0.000300003
-0.0787635 0.000205005
-0.106083 -1.99293e-05
-0.0667235 -0.000232252
0.015279 -0.000297384
0.087601 -0.00017389
0.10403 5.9756e-05
0.0550873 0.000255543
-0.0294233 0.000289299
-0.0948282 0.000139507
-0.100199 -9.86527e-05
-0.0423175 -0.000274351
0.0429473 -0.000276104
0.100327 -0.000102753
0.0946509 0.000135627
0.0286878 0.000288105
-0.0555874 0.000257817
-0.104149 6.40108e-05
-0.0873073 -0.000170303
-0.0145184 -0.000296775
0.0671109 -0.000234996
0.106215 -2.427e-05
0.078302 0.000201782
0.000157494 0.000299988
-0.0774655 0.000207818
-0.106407 -1.60527e-05
-0.0677659 -0.000229763
0.0140825 -0.000297891
0.0864824 -0.000177028
0.104688 5.59336e-05
0.0559627 0.000253489
-0.0279781 0.00029031
-0.0940765 0.000142923
-0.100953 -9.49611e-05
-0.0432067 -0.000272765
0.0413355 -0.000277598
0.100066 -0.000106393
0.0952832 0.00013214
0.0297946 0.000287011
-0.0540447 0.00025977
-0.104222 6.78084e-05
-0.0878497 -0.000167089
-0.0159429 -0.000296184
0.0658876 -0.00023738
0.106419 -2.8154e-05
0.0788566 0.0001989
0.00184833 0.000299906
-0.0766385 0.000210598
-0.106583 -1.21606e-05
-0.0685481 -0.000227259
0.0123415 -0.000298321
0.086026 -0.000180157
0.104727 5.21114e-05
0.0571425 0.000251397
-0.0264305 0.000291253
-0.0937775 0.00014634
-0.101027 -9.12766e-05
-0.0447298 -0.000271121
0.0401472 -0.000279044
0.099703 -0.000110029
0.0955966 0.000128656
0.0314951 0.000285843
-0.0531674 0.000261697
-0.103775 7.15914e-05
-0.0885481 -0.000163859
-0.017565 -0.000295521
0.0651629 -0.000239751
0.105934 -3.20112e-05
0.0800125 0.000195974
0.0032083 0.000299768
-0.075876 0.000213362
-0.106297 -8.29231e-06
-0.0699702 -0.000224692
0.0112551 -0.000298716
0.0850877 -0.000183255
0.10487 4.82938e-05
0.0585938 0.00024924
-0.0254685 0.000292172
-0.0927858 0.000149715
-0.101611 -8.75724e-05
-0.0460276 -0.000269422
0.0391012 -0.000280464
0.098845 -0.000113621
0.09656 0.000125127
0.032567 0.000284638
-0.0519344 0.000263584
-0.10326 7.5344e-05
-0.0896445 -0.000160576
-0.0185492 -0.000294833
0.0637591 -0.000242065
0.105927 -3.58657e-05
0.081005 0.000193004
0.00430389 0.000299603
-0.0745213 0.000216065
-0.106672 -4.40387e-06
-0.0708266 -0.000222095
0.00989984 -0.000299069
0.0840347 -0.000186303
0.105447 4.44425e-05
0.0593744 0.000247065
-0.0238718 0.00029303
-0.0921453 0.000153062
-0.102191 -8.38362e-05
-0.0469448 -0.000267702
0.0374347 -0.000281812
0.0986456 -0.000117211
0.0969883 0.000121582
0.0338038 0.000283397
-0.0504463 0.000265404
-0.103293 7.91096e-05
-0.0900461 -0.000157287
-0.0201124 -0.000294087
0.0626586 -0.000244332
0.105962 -3.97327e-05
0.0815543 0.000190027
0.00605483 0.000299364
-0.0737919 0.000218743
-0.106636 -5.12335e-07
-0.0717024 -0.000219476
0.00821535 -0.000299347
0.0835589 -0.000189345
0.105328 4.06024e-05
0.0606794 0.000244843
-0.0224592 0.000293829
-0.0917138 0.000156405
-0.102211 -8.01121e-05
-0.0485313 -0.000265917
0.0363695 -0.000283122
0.0980753 -0.000120785
0.0973745 0.000118034
0.0354479 0.000282083
-0.0496007 0.000267204
-0.102662 8.28485e-05
-0.0908577 -0.000153972
-0.0215897 -0.000293278
0.0618287 -0.000246583
0.105409 -4.35672e-05
0.0827699 0.000186999
0.00725873 0.000299081
-0.0728426 0.000221396
-0.106388 3.35731e-06
-0.0730814 -0.000216794
0.00720025 -0.000299597
0.0824408 -0.000192343
0.105577 3.67585e-05
0.0619755 0.000242563
-0.0214412 0.000294603
-0.0906233 0.000159697
-0.10287 -7.63601e-05
-0.0496479 -0.000264087
0.0351635 -0.000284398
0.0972502 -0.000124317
0.098295 0.00011444
0.0364059 0.000280742
-0.0481899 0.000268952
-0.102247 8.65642e-05
-0.0918097 -0.00015061
-0.0225829 -0.000292445
0.0603281 -0.000248768
0.105482 -4.74075e-05
0.0835622 0.000183938
0.00847916 0.000298764
-0.0714995 0.000223985
-0.106755 7.25082e-06
-0.0737817 -0.000214092
0.00568504 -0.000299793
0.0814921 -0.000195298
0.106011 3.28864e-05
0.0627252 0.000240268
-0.01974 0.000295307
-0.0900873 0.00016297
-0.103246 -7.25874e-05
-0.0506479 -0.000262234
0.0335101 -0.000285601
0.097057 -0.000127851
0.0985455 0.000110842
0.0377842 0.000279354
-0.0468073 0.000270639
-0.102174 9.02902e-05
-0.0921293 -0.000147248
-0.0242468 -0.000291545
0.0593501 -0.000250917
0.105314 -5.12494e-05
0.0841656 0.000180867
0.0102222 0.00029837
-0.0708228 0.000226559
-0.106518 1.11346e-05
-0.0747758 -0.000211361
0.00411301 -0.000299921
0.0809322 -0.000198246
0.105791 2.90333e-05
0.0641244 0.000237918
-0.018476 0.000295962
-0.089477 0.000166231
-0.103276 -6.88271e-05
-0.0522345 -0.000260311
0.0325299 -0.000286774
0.0962868 -0.000131358
0.099035 0.000107233
0.0393099 0.000277899
-0.045929 0.000272307
-0.101408 9.39795e-05
-0.0930383 -0.000143852
-0.0255559 -0.000290593
0.0583661 -0.00025304
0.10476 -5.50576e-05
0.08538 0.000177742
0.0112989 0.000297943
-0.0696787 0.000229093
-0.106352 1.50023e-05
-0.0760463 -0.000208571
0.00310814 -0.000300024
0.0796794 -0.00020114
0.106135 2.51674e-05
0.0652343 0.000235521
-0.0173448 0.000296587
-0.0883551 0.000169438
-0.10396 -6.50333e-05
-0.0531871 -0.000258356
0.0311493 -0.000287901
0.0955436 -0.000134826
0.0998462 0.000103582
0.0402127 0.000276422
-0.0443747 0.000273912
-0.101099 9.76546e-05
-0.093803 -0.000140419
-0.0266183 -0.000289614
0.0568347 -0.000255096
0.104866 -5.88777e-05
0.0859835 0.000174596
0.0126698 0.000297472
-0.0684066 0.000231569
-0.106645 1.88933e-05
-0.0766416 -0.000205768
0.00145897 -0.000300064
0.0788482 -0.000204
0.106379 2.12829e-05
0.0660168 0.000233109
-0.0156026 0.000297138
-0.0878902 0.000172633
-0.104127 -6.12316e-05
-0.0543062 -0.000256369
0.0295715 -0.000288959
0.0952919 -0.000138298
0.0999678 9.99359e-05
0.0417155 0.000274889
-0.0431257 0.000275466
-0.100864 0.000101333
-0.0941058 -0.000136988
-0.0283255 -0.000288563
0.0559525 -0.000257123
0.104487 -6.26867e-05
0.0866835 0.000171434
0.0143376 0.000296927
-0.0677222 0.000234031
-0.106243 2.27632e-05
-0.0777515 -0.000202927
3.5138e-05 -0.000300044
0.0781471 -0.000206846
0.106125 1.74209e-05
0.0674572 0.000230635
-0.0144725 0.000297649
-0.0870783 0.000175805
-0.104221 -5.74382e-05
-0.055825 -0.000254314
0.0286204 -0.000289992
0.0943554 -0.000141731
0.100564 9.62705e-05
0.0430787 0.000273297
-0.0421518 0.000276997
-0.100026 0.000104968
-0.0950715 -0.000133516
-0.0294701 -0.00028747
0.0547867 -0.000259115
0.10399 -6.64654e-05
0.0878285 0.000168218
0.0153377 0.000296355
-0.0664034 0.000236443
-0.106182 2.66253e-05
-0.0788607 -0.000200034
-0.0010228 -0.000299998
0.0768214 -0.000209633
0.106528 1.35385e-05
0.0683771 0.000228126
-0.0131895 0.000298122
-0.08599 0.000178924
-0.104865 -5.36096e-05
-0.0566551 -0.000252236
0.0270781 -0.000290968
0.0937202 -0.000145134
0.10121 9.25703e-05
0.0439915 0.000271685
-0.0405098 0.000278458
-0.0998031 0.000108598
-0.0956306 -0.000130018
-0.0306479 -0.000286345
0.0532911 -0.000261039
0.104067 -7.02585e-05
0.0882809 0.000164992
0.0168573 0.000295729
-0.0652433 0.000238804
-0.106337 3.05054e-05
-0.0794139 -0.000197134
-0.00275693 -0.000299881
0.0760932 -0.000212394
0.106562 9.64968e-06
0.0692448 0.000225597
-0.0114753 0.00029852
-0.0855427 0.000182036
-0.104848 -4.97854e-05
-0.057904 -0.000250117
0.0256223 -0.000291882
0.0933473 -0.000148536
0.101266 8.88805e-05
0.0455763 0.000270008
-0.0393946 0.000279877
-0.0993699 0.000112221
-0.0959766 -0.000126521
-0.0323313 -0.000285146
0.052456 -0.000262941
0.103497 -7.40279e-05
0.0890953 0.000161742
0.0183949 0.000295036
-0.0644857 0.00024115
-0.105828 3.43565e-05
-0.0806104 -0.000194187
-0.00402292 -0.000299715
0.0752114 -0.000215133
0.106336 5.78215e-06
0.0706602 0.000223004
-0.0104393 0.000298886
-0.0845342 0.000185112
-0.105039 -4.59624e-05
-0.0592947 -0.000247934
0.0246365 -0.000292772
0.0922989 -0.000151889
0.101945 8.51629e-05
0.046758 0.000268284
-0.0382753 0.000281267
-0.0985268 0.000115799
-0.0969401 -0.000122979
-0.0333416 -0.000283915
0.0511078 -0.000264796
0.103095 -7.77738e-05
0.0901076 0.000158442
0.0193815 0.000294319
-0.0630373 0.000243436
-0.105864 3.82085e-05
-0.0815267 -0.000191199
-0.00518807 -0.000299518
0.0738803 -0.00021781
0.106742 1.88991e-06
0.0714142 0.000220388
-0.00899116 0.000299205
-0.0835308 0.00018814
-0.105578 -4.21069e-05
-0.0600603 -0.000245736
0.0229712 -0.000293595
0.0917705 -0.000155223
0.10239 8.14214e-05
0.0477404 0.000266536
-0.036613 0.000282583
-0.0983464 0.000119378
-0.0973032 -0.000119424
-0.0346583 -0.000282642
0.0497032 -0.000266589
0.103076 -8.1532e-05
0.0904653 0.000155141
0.0210201 0.000293538
-0.0620041 0.00024568
-0.105834 4.20696e-05
-0.0821013 -0.000188203
-0.00694334 -0.000299245
0.073216 -0.000220469
0.106571 -1.996e-06
0.0723984 0.000217744
-0.00736804 0.000299451
-0.0830365 0.000191163
-0.105422 -3.82658e-05
-0.0614224 -0.000243486
0.0216601 -0.000294365
0.0912264 -0.000158547
0.102445 7.76914e-05
0.0493464 0.000264719
-0.0356044 0.000283867
-0.0977048 0.000122937
-0.0977365 -0.000115864
-0.0362523 -0.000281299
0.0488535 -0.000268362
0.102362 -8.52563e-05
0.0913839 0.000151806
0.0223942 0.0002927
-0.0611151 0.000247903
-0.105283 4.58975e-05
-0.0833331 -0.000185154
-0.00806923 -0.000298934
0.072139 -0.000223093
0.106422 -5.86573e-06
0.073721 0.000215038
-0.00636825 0.000299673
-0.0818636 0.000194138
-0.105719 -3.4417e-05
-0.0626416 -0.000241183
0.0205796 -0.000295108
0.0901321 -0.000161819
0.103161 7.39274e-05
0.050356 0.000262867
-0.0343121 0.000285111
-0.0969163 0.000126456
-0.0986309 -0.000112258
-0.0371792 -0.000279931
0.0473494 -0.000270077
0.102065 -8.89658e-05
0.0922159 0.00014843
0.0234314 0.000291838
-0.0595994 0.00025006
-0.105384 4.97342e-05
-0.0840518 -0.000182077
-0.00937682 -0.000298584
0.0708643 -0.000225659
0.106764 -9.76037e-06
0.0743564 0.000212319
-0.00477011 0.000299834
-0.0809741 0.000197074
-0.106095 -3.05429e-05
-0.0634071 -0.000238865
0.018849 -0.000295778
0.0896824 -0.000165078
0.103396 7.01522e-05
0.0514513 0.000260985
-0.032697 0.000286282
-0.0967173 0.000129978
-0.0988336 -0.000108652
-0.0386312 -0.000278512
0.0460706 -0.000271737
0.101894 -9.2681e-05
0.0925442 0.000145056
0.0251367 0.000290904
-0.0586799 0.000252185
-0.105145 5.35681e-05
-0.0847007 -0.000178988
-0.0110854 -0.000298158
0.070207 -0.000228211
0.106421 -1.3637e-05
0.0754615 0.000209562
-0.00328391 0.000299932
-0.0803691 0.000200001
-0.105863 -2.66894e-05
-0.0648406 -0.000236488
0.017678 -0.000296405
0.0889394 -0.000168318
0.103507 6.63851e-05
0.0530098 0.000259032
-0.0317456 0.000287428
-0.0958854 0.000133467
-0.0993745 -0.000105031
-0.0400828 -0.000277029
0.045143 -0.000273377
0.101095 -9.63556e-05
0.0935306 0.000141641
0.0263413 0.000289925
-0.0576191 0.000254281
-0.104616 5.73696e-05
-0.0859031 -0.000175844
-0.0121129 -0.000297702
0.068948 -0.000230716
0.106374 -1.75054e-05
0.0766337 0.00020675
-0.00225539 0.000300005
-0.0790858 0.000202871
-0.106244 -2.28196e-05
-0.06587 -0.000234069
0.0164573 -0.000296998
0.0878649 -0.000171505
0.104195 6.25816e-05
0.0538828 0.000257055
-0.0302801 0.000288523
-0.0951926 0.000136922
-0.100136 -0.000101371
-0.0409888 -0.000275525
0.0435323 -0.000274949
0.10089 -0.000100024
0.0941584 0.000138197
0.0274821 0.000288915
-0.0561047 0.000256308
-0.104728 6.11846e-05
-0.086447 -0.000172683
-0.0135726 -0.000297197
0.0677754 -0.000233168
0.10659 -2.13943e-05
0.0772124 0.00020393
-0.000548296 0.00030001
-0.0783116 0.000205712
-0.10642 -1.89352e-05
-0.0666942 -0.000231633
0.0147288 -0.000297514
0.0874443 -0.000174685
0.104239 5.87793e-05
0.0551099 0.000255038
-0.0287684 0.00028955
-0.0949091 0.00014038
-0.100234 -9.77171e-05
-0.0425458 -0.000273961
0.042388 -0.000276477
0.100525 -0.000103688
0.0945199 0.000134753
0.029188 0.000287831
-0.0552603 0.000258311
-0.104282 6.4984e-05
-0.0872026 -0.000169503
-0.015174 -0.000296622
0.0670607 -0.000235608
0.106127 -2.52563e-05
0.0784148 0.000201064
0.000779927 0.000299961
-0.0775446 0.000208535
-0.106179 -1.50731e-05
-0.0681397 -0.000229134
0.0136671 -0.000297998
0.0865014 -0.000177833
0.104445 5.49784e-05
0.0565561 0.000252956
-0.0278114 0.000290555
-0.0939299 0.000143795
-0.100875 -9.40405e-05
-0.0438237 -0.000272343
0.0413284 -0.000277978
0.0997088 -0.00010731
0.0955175 0.000131263
0.0302451 0.000286712
-0.0540121 0.000260273
-0.103826 6.87557e-05
-0.0883087 -0.00016627
