0 0.0001
-0.0233701 7.58774e-05
-0.0352726 1.41334e-05
-0.0294775 -5.46273e-05
-0.00928376 -9.62966e-05
0.0156778 -9.02103e-05
0.0328085 -3.93913e-05
0.0335989 3.09655e-05
0.0179006 8.59592e-05
-0.00689729 9.8328e-05
-0.0280795 6.19243e-05
-0.0354386 -5.18947e-06
-0.0252454 -6.9725e-05
-0.00239294 -9.96949e-05
0.0214344 -8.0214e-05
0.0348488 -2.09609e-05
0.0308287 4.86843e-05
0.0115575 9.41925e-05
-0.0133568 9.29758e-05
-0.0318335 4.5654e-05
-0.0343002 -2.43127e-05
-0.0199413 -8.22235e-05
0.00439382 -9.93576e-05
0.0265878 -6.72229e-05
0.0354457 -1.74664e-06
0.0269411 6.4587e-05
0.00486443 9.88961e-05
-0.0194898 8.41541e-05
-0.0341922 2.7671e-05
-0.032048 -4.25251e-05
-0.0138123 -9.16451e-05
0.0110509 -9.53107e-05
0.0306093 -5.17106e-05
0.0349152 1.75258e-05
0.0218519 7.80786e-05
-0.00188558 9.99012e-05
-0.0249072 7.21807e-05
-0.0353741 8.66087e-06
-0.0284154 -5.91554e-05
-0.00737014 -9.76343e-05
0.0174553 -8.77011e-05
0.033419 -3.42681e-05
0.0330299 3.61494e-05
0.0160964 8.86427e-05
-0.0087677 9.71766e-05
-0.0292074 5.75049e-05
-0.0353405 -1.06743e-05
-0.0237252 -7.35689e-05
-0.000537985 -9.99798e-05
0.0230195 -7.68046e-05
0.0351809 -1.55497e-05
0.0297585 5.34224e-05
0.00978793 9.58953e-05
-0.0152519 9.08107e-05
-0.0325803 4.0687e-05
-0.033781 -2.96168e-05
-0.0183251 -8.5229e-05
0.00640877 -9.85846e-05
0.0277407 -6.30419e-05
0.0355017 3.75773e-06
0.0255681 6.86908e-05
0.00291522 9.95659e-05
-0.0210304 8.10486e-05
-0.0347622 2.23436e-05
-0.0310465 -4.74449e-05
-0.0120658 -9.371e-05
0.0129116 -9.34968e-05
0.0315952 -4.69244e-05
0.0344131 2.29223e-05
0.0203864 8.13967e-05
-0.00392498 9.95048e-05
-0.0262224 6.82625e-05
-0.035453 3.16111e-06
-0.0272711 -6.35e-05
-0.00534367 -9.86819e-05
0.0190315 -8.492e-05
0.0340876 -2.90451e-05
0.0322417 4.12244e-05
0.014282 9.10602e-05
-0.0105564 9.57251e-05
-0.0303767 5.29174e-05
-0.0349739 -1.61317e-05
-0.0222733 -7.71876e-05
0.00139338 -9.99602e-05
0.0245489 -7.31668e-05
0.0353072 -1.00852e-05
0.0287509 5.79928e-05
0.00783267 9.73108e-05
-0.0169942 8.83702e-05
-0.0332498 3.55932e-05
-0.033229 -3.48254e-05
-0.0165157 -8.79823e-05
0.00824263 -9.75081e-05
0.0289444 -5.86715e-05
0.0353854 9.24889e-06
0.0240898 7.25911e-05
0.00106861 9.99276e-05
-0.0226648 7.77028e-05
-0.0350759 1.69455e-05
-0.0300457 -5.22214e-05
-0.0102735 -9.5487e-05
0.0148122 -9.14053e-05
0.0323426 -4.199e-05
0.0339676 2.8245e-05
0.0187328 8.44691e-05
-0.00590369 9.8809e-05
-0.0274131 6.41323e-05
-0.0355473 -2.34203e-06
-0.0258839 -6.76574e-05
-0.00344734 -9.94277e-05
0.0206364 -8.18806e-05
0.0346543 -2.37382e-05
0.0312661 4.61804e-05
0.0125733 9.31958e-05
-0.0124715 9.39872e-05
-0.0313395 4.81691e-05
-0.0345344 -2.15432e-05
-0.0208117 -8.0567e-05
0.00345056 -9.96436e-05
0.0258426 -6.93022e-05
0.0354677 -4.59239e-06
0.0275812 6.23859e-05
0.00583652 9.84357e-05
-0.0185813 8.56557e-05
-0.0339734 3.03973e-05
-0.0324215 -3.99318e-05
-0.0147615 -9.04688e-05
0.0100741 -9.61325e-05
0.0301275 -5.4129e-05
0.0350255 1.47181e-05
0.0227 7.62667e-05
-0.000913732 9.99879e-05
-0.0241717 7.41234e-05
-0.0352493 1.14911e-05
-0.0290685 -5.68335e-05
-0.00829199 -9.69799e-05
0.0165164 -8.90336e-05
0.0330891 -3.69278e-05
0.0334085 3.34783e-05
0.0169422 8.72913e-05
-0.00771988 9.78076e-05
-0.0286809 5.98117e-05
-0.0354115 -7.839e-06
-0.0244637 -7.16122e-05
-0.0015858 -9.98669e-05
0.0223003 -7.85992e-05
0.034956 -1.8354e-05
0.0303422 5.09938e-05
0.0107422 9.50477e-05
-0.0143554 9.19685e-05
-0.0321123 4.32686e-05
-0.0341414 -2.68836e-05
-0.019129 -8.37058e-05
0.00538228 -9.90245e-05
0.0270936 -6.52246e-05
0.0355764 9.08954e-07
0.026198 6.65962e-05
0.00398394 9.92573e-05
-0.0202504 8.26834e-05
-0.034525 2.51108e-05
-0.0314938 -4.49218e-05
-0.0130675 -9.26749e-05
0.0120297 -9.44712e-05
0.0310638 -4.94189e-05
0.0346659 2.01427e-05
0.0212195 7.97078e-05
-0.00296422 9.97506e-05
-0.0254657 7.03133e-05
-0.0354772 6.00637e-06
-0.0278729 -6.12746e-05
-0.00634342 -9.81809e-05
0.0181383 -8.63871e-05
0.0338479 -3.17599e-05
0.0325904 3.86157e-05
0.015251 8.98459e-05
-0.00960568 9.6509e-05
-0.0298576 5.53138e-05
-0.035083 -1.33181e-05
-0.0231156 -7.53439e-05
0.000440886 -0.000100007
0.0237727 -7.50785e-05
0.0351997 -1.29118e-05
0.029371 5.56475e-05
0.00875532 9.66177e-05
-0.0160354 8.96658e-05
-0.0329313 3.82394e-05
-0.0335652 -3.21414e-05
-0.0173792 -8.65952e-05
0.00720321 -9.8099e-05
0.0284127 -6.09552e-05
0.0354189 6.41135e-06
0.02485 7.0604e-05
0.00208708 9.97748e-05
-0.0219193 7.94659e-05
-0.0348382 1.97421e-05
-0.0306321 -4.97709e-05
-0.0111963 -9.4602e-05
0.0138784 -9.2525e-05
0.0318866 -4.45545e-05
0.0343048 2.55001e-05
0.01952 8.29128e-05
-0.00485154 9.92076e-05
-0.0267841 6.62898e-05
-0.0355818 5.06972e-07
-0.0265183 -6.55358e-05
-0.00451571 -9.90781e-05
0.0198667 -8.34832e-05
0.0343724 -2.64943e-05
0.0317326 4.3638e-05
0.0135476 9.21231e-05
-0.0115785 9.4924e-05
-0.0307849 5.06428e-05
-0.0347968 -1.87542e-05
-0.0216067 -7.88465e-05
0.00246188 -9.98487e-05
0.0250896 -7.13243e-05
0.0354817 -7.43642e-06
0.0281506 6.01367e-05
0.00686384 9.78937e-05
-0.0177092 8.70886e-05
-0.0337015 3.30995e-05
-0.0327606 -3.73079e-05
-0.0157376 -8.92169e-05
0.00914652 -9.68785e-05
0.0295637 -5.65022e-05
0.035147 1.18985e-05
0.0235215 7.43918e-05
3.2482e-05 9.99956e-05
-0.0233647 7.60039e-05
-0.0351559 1.43137e-05
-0.0296497 -5.4466e-05
-0.00922864 -9.62477e-05
0.0155521 -9.02921e-05
0.0327742 -3.95598e-05
0.0337014 3.07822e-05
0.0178303 8.58681e-05
-0.00670039 9.83591e-05
-0.0281297 6.20715e-05
-0.0354221 -4.99952e-06
-0.0252366 -6.95952e-05
-0.0025729 -9.96747e-05
0.0215171 -8.03298e-05
0.0347206 -2.11426e-05
0.030918 4.8522e-05
0.0116419 9.41254e-05
-0.0133877 9.30498e-05
-0.0316716 4.58161e-05
-0.0344446 -2.41283e-05
-0.0199141 -8.21163e-05
0.00431642 -9.93818e-05
0.0264802 -6.73567e-05
0.0355636 -1.93914e-06
0.0268493 6.44474e-05
0.00503745 9.88671e-05
-0.0194767 8.42532e-05
-0.0342101 2.78554e-05
-0.0319754 -4.23606e-05
-0.0140076 -9.15655e-05
0.011112 -9.53696e-05
0.0305 -5.18716e-05
0.034929 1.73446e-05
0.0219779 7.79564e-05
-0.00194372 9.99144e-05
-0.0247261 7.2307e-05
-0.0354668 8.84807e-06
-0.0284244 -5.90018e-05
-0.00738996 -9.7598e-05
0.0172902 -8.77858e-05
0.0335319 -3.44484e-05
0.0329347 3.59765e-05
0.0162202 8.85569e-05
-0.00869036 9.7217e-05
-0.0292552 5.76633e-05
-0.0352188 -1.04927e-05
-0.0239055 -7.34388e-05
-0.000513572 -9.99752e-05
0.0229463 -7.69272e-05
0.0351174 -1.57301e-05
0.0299079 5.32587e-05
0.00971622 9.58459e-05
-0.0150794 9.08877e-05
-0.0326051 4.08565e-05
-0.0338272 -2.94336e-05
-0.0182882 -8.5136e-05
0.00621141 -9.86114e-05
0.0278276 -6.31899e-05
0.0354211 3.5702e-06
0.0256253 6.85575e-05
0.00304756 9.95433e-05
-0.0210976 8.11633e-05
-0.0346131 2.25227e-05
-0.0311833 -4.72789e-05
-0.0120869 -9.36423e-05
0.0128841 -9.35675e-05
0.0314646 -4.70847e-05
0.0345628 2.27353e-05
0.020317 8.12899e-05
-0.00378662 9.9524e-05
-0.0261736 6.83959e-05
-0.0355294 3.35349e-06
-0.027188 -6.33601e-05
-0.00554283 -9.8648e-05
0.0190743 -8.50195e-05
0.0340359 -2.92268e-05
0.0322251 4.1058e-05
0.014451 9.09774e-05
-0.0106284 9.57833e-05
-0.0302249 5.30747e-05
-0.0350456 -1.5948e-05
-0.0223403 -7.70645e-05
0.00141229 -9.99709e-05
0.0243718 -7.32896e-05
0.0354325 -1.02747e-05
0.0286988 5.78401e-05
0.00791753 9.72702e-05
-0.0168775 8.84531e-05
-0.033343 3.57735e-05
-0.0331172 -3.46534e-05
-0.0166859 -8.78917e-05
0.00823 -9.7548e-05
0.0289295 -5.88273e-05
0.0352995 9.06743e-06
0.0242706 7.24574e-05
0.00100786 9.99227e-05
-0.0225339 7.78211e-05
-0.035071 1.7127e-05
-0.0301502 -5.20565e-05
-0.010216 -9.54361e-05
0.0146166 -9.14776e-05
0.0324214 -4.2161e-05
0.0339443 2.80631e-05
0.0187537 8.4373e-05
-0.00573549 9.88325e-05
-0.0275056 6.42803e-05
-0.0354277 -2.1567e-06
-0.0259991 -6.75201e-05
-0.00351762 -9.94038e-05
0.0206586 -8.19931e-05
0.0345141 -2.39152e-05
0.0314309 4.60108e-05
0.0125379 9.31281e-05
-0.0123805 9.40535e-05
-0.0312583 4.83286e-05
-0.0346602 -2.1355e-05
-0.0207301 -8.04599e-05
0.00326691 -9.96578e-05
0.0258591 -6.9436e-05
0.0354786 -4.78337e-06
0.0275378 6.22445e-05
0.00603176 9.83977e-05
-0.0186547 8.57551e-05
-0.0338668 3.05758e-05
-0.0324646 -3.97628e-05
-0.0148814 -9.0384e-05
0.010126 -9.61892e-05
0.0299563 -5.42826e-05
0.0351481 1.45314e-05
0.0226997 7.61437e-05
-0.000874272 9.99949e-05
-0.0240264 7.42439e-05
-0.0353754 1.16818e-05
-0.0289808 -5.66816e-05
-0.00843567 -9.69344e-05
0.0164647 -8.91157e-05
0.0331323 -3.71068e-05
0.0333106 3.33067e-05
0.0171355 8.71962e-05
-0.00775847 9.78473e-05
-0.0286042 5.9964e-05
-0.0353769 -7.65656e-06
-0.0246161 -7.1476e-05
-0.00151766 -9.98612e-05
0.0221258 -7.87129e-05
0.0350159 -1.85374e-05
0.0303803 5.0829e-05
0.0107274 9.49944e-05
-0.0141678 9.20371e-05
-0.0322165 4.34406e-05
-0.0340655 -2.67034e-05
-0.0192117 -8.36057e-05
0.00526737 -9.9046e-05
0.0271602 -6.53718e-05
0.0354422 7.25679e-07
0.0263601 6.64545e-05
0.00399048 9.92329e-05
-0.020214 8.27926e-05
-0.0344193 2.5287e-05
-0.0316549 -4.47496e-05
-0.0129997 -9.26071e-05
0.0118791 -9.45326e-05
0.0310496 -4.95789e-05
0.0347381 1.99544e-05
0.0211567 7.95996e-05
-0.00276231 9.976e-05
-0.0255285 7.04476e-05
-0.0354272 6.19526e-06
-0.0278839 -6.11306e-05
-0.00650568 -9.81398e-05
0.0182139 -8.6486e-05
0.0337006 -3.19351e-05
0.0326964 3.84432e-05
0.0153055 8.97602e-05
-0.00961246 9.65629e-05
-0.0296981 5.54648e-05
-0.0352267 -1.3129e-05
-0.0230642 -7.52213e-05
0.000336731 -0.00010001
0.0236846 -7.51978e-05
0.0352947 -1.31028e-05
0.029274 5.54961e-05
0.00894135 9.65671e-05
-0.0160434 8.97477e-05
-0.0329155 3.84161e-05
-0.0335055 -3.19689e-05
-0.0175645 -8.64964e-05
0.00727063 -9.81385e-05
0.0282766 -6.11033e-05
0.0354522 6.22681e-06
0.024947 7.04666e-05
0.00204214 9.97672e-05
-0.0217311 7.95756e-05
-0.0349401 1.99272e-05
-0.0306096 -4.96068e-05
-0.0112401 -9.45449e-05
0.0137285 -9.25909e-05
0.0319875 -4.47269e-05
0.0341923 2.53217e-05
0.0196625 8.2808e-05
-0.00479997 9.92281e-05
-0.0268034 6.64349e-05
-0.0354634 6.89275e-07
-0.0266978 -6.53905e-05
-0.0044728 -9.90535e-05
0.0197632 -8.35881e-05
0.0343273 -2.66708e-05
0.0318585 4.34641e-05
0.013476 9.20546e-05
-0.0113903 9.49805e-05
-0.0308269 5.08037e-05
-0.034809 -1.85667e-05
-0.0215867 -7.87361e-05
0.00227247 -9.98542e-05
0.0251771 -7.1459e-05
0.0353742 -7.62249e-06
0.0282288 5.9989e-05
0.00697015 9.78508e-05
-0.0177576 8.71858e-05
-0.0335448 3.32721e-05
-0.0329056 -3.7132e-05
-0.0157312 -8.9131e-05
0.00909031 -9.69285e-05
0.0294467 -5.66516e-05
0.0352823 1.17076e-05
0.023439 7.42695e-05
0.000192701 9.99929e-05
-0.0233378 7.61229e-05
-0.0352013 1.45039e-05
-0.0295731 -5.43139e-05
-0.00942855 -9.61926e-05
0.0156076 -9.03741e-05
0.0326902 -3.97333e-05
0.0337043 3.06077e-05
0.0179774 8.57667e-05
-0.00676621 9.83974e-05
-0.0279605 6.22157e-05
-0.0355092 -4.81262e-06
-0.0252718 -6.94575e-05
-0.00257617 -9.96641e-05
0.0213462 -8.04362e-05
0.0348426 -2.13295e-05
0.0308416 4.83592e-05
0.0117511 9.40638e-05
-0.0132935 9.31141e-05
-0.0317418 4.59878e-05
-0.0343273 -2.39508e-05
-0.0200934 -8.2007e-05
0.00432602 -9.9402e-05
0.0264328 -6.74984e-05
0.0354917 -2.12154e-06
0.0270157 6.4299e-05
0.00496922 9.88421e-05
-0.0193211 8.43535e-05
-0.0342246 2.80329e-05
-0.032049 -4.21862e-05
-0.0139619 -9.14951e-05
0.0109136 -9.54216e-05
0.0305868 -5.20337e-05
0.0348739 1.7159e-05
0.0220213 7.78425e-05
-0.00179451 9.99172e-05
-0.024807 7.24412e-05
-0.0353303 9.03176e-06
-0.0285554 -5.88502e-05
-0.00743243 -9.75543e-05
0.017285 -8.78801e-05
0.0333975 -3.46191e-05
0.0330949 3.57975e-05
0.016165 8.84712e-05
-0.00857131 9.72623e-05
-0.0291937 5.78123e-05
-0.0353196 -1.03012e-05
-0.023823 -7.33162e-05
-0.000708563 -9.99674e-05
0.0229802 -7.70466e-05
0.035094 -1.59181e-05
0.0298811 5.31048e-05
0.00989917 9.57872e-05
-0.0151544 9.09694e-05
-0.0324725 4.10265e-05
-0.0338895 -2.92565e-05
-0.0183796 -8.50332e-05
0.0062455 -9.86476e-05
0.0276525 -6.33306e-05
0.0355492 3.3806e-06
0.025596 6.84203e-05
0.00311385 9.95286e-05
-0.0209685 8.12676e-05
-0.0347239 2.27102e-05
-0.0310819 -4.7117e-05
-0.0122485 -9.35758e-05
0.0128557 -9.36312e-05
0.0314764 -4.72544e-05
0.0344725 2.2558e-05
0.0205066 8.11764e-05
-0.00383941 9.9544e-05
-0.0260659 6.85337e-05
-0.0355138 3.53698e-06
-0.0273159 -6.32098e-05
-0.00547987 -9.86219e-05
0.0188864 -8.5115e-05
0.0341099 -2.94061e-05
0.0322296 4.08844e-05
0.0144572 9.09041e-05
-0.0104503 9.58319e-05
-0.0303258 5.32373e-05
-0.034945 -1.57643e-05
-0.0224442 -7.69466e-05
0.00132241 -9.9972e-05
0.0244152 -7.34222e-05
0.035295 -1.04564e-05
0.0288664 5.76845e-05
0.0078997 9.72262e-05
-0.0168101 8.85435e-05
-0.0332522 3.59435e-05
-0.0332618 -3.44725e-05
-0.0166097 -8.78057e-05
0.00805877 -9.75881e-05
0.0289351 -5.89768e-05
0.035339 8.87655e-06
0.0242193 7.23333e-05
0.0012085 9.99105e-05
-0.0226055 7.79408e-05
-0.0349893 1.73124e-05
-0.0301817 -5.19e-05
-0.010356 -9.53749e-05
0.0146807 -9.15582e-05
0.03226 -4.23275e-05
0.0340635 2.78826e-05
0.0187777 8.42699e-05
-0.00571618 9.88655e-05
-0.0273539 6.44186e-05
-0.0355653 -1.96524e-06
-0.025927 -6.73835e-05
-0.00364624 -9.93843e-05
0.0205922 -8.20966e-05
0.0345823 -2.41022e-05
0.0313336 4.58492e-05
0.0127313 9.30567e-05
-0.0124077 9.41171e-05
-0.0312087 4.84954e-05
-0.0346163 -2.11767e-05
-0.0208997 -8.03433e-05
0.00333633 -9.96772e-05
0.0257004 -6.95693e-05
0.0355301 -4.96898e-06
0.0276031 6.20937e-05
0.00600366 9.83693e-05
-0.0184655 8.58468e-05
-0.0339737 3.07567e-05
-0.0324122 -3.95904e-05
-0.0149492 -9.03068e-05
0.00999554 -9.62354e-05
0.0300407 -5.4445e-05
0.0350233 1.43496e-05
0.0228568 7.60211e-05
-0.000848743 9.99954e-05
-0.0240152 7.43737e-05
-0.0352648 1.18627e-05
-0.0291536 -5.65227e-05
-0.00837765 -9.68903e-05
0.0163334 -8.92013e-05
0.0331068 -3.72773e-05
0.0334087 3.3125e-05
0.0170685 8.71092e-05
-0.00756034 9.78827e-05
-0.0286609 6.01143e-05
-0.035355 -7.4672e-06
-0.0246152 -7.13494e-05
-0.00169353 -9.98455e-05
0.0222092 -7.88325e-05
0.0348856 -1.87197e-05
0.0304775 5.06687e-05
0.0108053 9.49318e-05
-0.0141939 9.21153e-05
-0.032058 4.36046e-05
-0.0342138 -2.652e-05
-0.0191797 -8.35026e-05
0.00518296 -9.90746e-05
0.0270604 -6.55088e-05
0.035558 5.33159e-07
0.0262691 6.63183e-05
0.00416795 9.92082e-05
-0.0202086 8.28958e-05
-0.0344318 2.54724e-05
-0.0315888 -4.45871e-05
-0.0131943 -9.25316e-05
0.0119435 -9.45961e-05
0.0309359 -4.97419e-05
0.0347607 1.97738e-05
0.0212776 7.94811e-05
-0.00281755 9.97779e-05
-0.0253475 7.0577e-05
-0.0355264 6.38303e-06
-0.0278872 -6.09801e-05
-0.00653275 -9.8108e-05
0.0180543 -8.65747e-05
0.0338142 -3.2117e-05
0.0325995 3.82723e-05
0.0154363 8.96783e-05
-0.00954275 9.66079e-05
-0.0297417 5.56257e-05
-0.035109 -1.29481e-05
-0.0232473 -7.50945e-05
0.000366444 -0.00010001
0.0236054 -7.53237e-05
0.0352396 -1.3284e-05
0.0294207 5.53349e-05
0.0088702 9.65224e-05
-0.0158678 8.98286e-05
-0.0329485 3.85877e-05
-0.033546 -3.17874e-05
-0.0175339 -8.64073e-05
0.00707553 -9.81696e-05
0.028367 -6.12544e-05
0.0353676 6.03984e-06
0.0250125 7.03363e-05
0.0021682 9.97493e-05
-0.0217959 7.9694e-05
-0.034792 2.01071e-05
-0.0307523 -4.94429e-05
-0.0112548 -9.44819e-05
0.0136945 -9.26656e-05
0.0318635 -4.48893e-05
0.0343422 2.51358e-05
0.0195913 8.27052e-05
-0.00465584 9.92517e-05
-0.0267631 6.65715e-05
-0.0355354 8.81605e-07
-0.0266188 -6.52536e-05
-0.00467332 -9.9024e-05
0.0198118 -8.36916e-05
0.0342701 -2.68534e-05
0.0318503 4.32997e-05
0.0136411 9.1976e-05
-0.0114622 9.50432e-05
-0.030673 5.09631e-05
-0.0348887 -1.83836e-05
-0.0216474 -7.86168e-05
0.00228569 -9.98695e-05
0.0250037 -7.15851e-05
0.0355028 -7.8125e-06
0.0281729 5.98394e-05
0.00706243 9.78146e-05
-0.0176484 8.72728e-05
-0.0336357 3.34539e-05
-0.0327952 -3.6962e-05
-0.0159062 -8.90443e-05
0.00908476 -9.69731e-05
0.029426 -5.68098e-05
0.0352035 1.15266e-05
0.0236189 7.41392e-05
0.000129642 9.99928e-05
-0.0232022 7.62444e-05
-0.0352052 1.46862e-05
-0.0296726 -5.41516e-05
-0.00937494 -9.61463e-05
0.0154122 -9.04505e-05
0.0327748 -3.99064e-05
0.0336758 3.04276e-05
0.0180061 8.56744e-05
-0.00660318 9.84255e-05
-0.0280531 6.23668e-05
-0.0353883 -4.62776e-06
-0.0253943 -6.93231e-05
-0.00263927 -9.9645e-05
0.0213633 -8.05523e-05
0.0347071 -2.15074e-05
0.0310089 4.81916e-05
0.0117114 9.40008e-05
-0.0131961 9.31845e-05
-0.0316688 4.61496e-05
-0.0344504 -2.37637e-05
-0.0200133 -8.19038e-05
0.00413907 -9.94205e-05
0.026457 -6.76356e-05
0.035497 -2.31242e-06
0.0269792 6.41605e-05
0.00516238 9.88086e-05
-0.0193973 8.4457e-05
-0.0341142 2.82125e-05
-0.0321008 -4.2019e-05
-0.0140758 -9.14147e-05
0.0109621 -9.54827e-05
0.0304171 -5.21896e-05
0.035002 1.69728e-05
0.0220154 7.77233e-05
-0.00174805 9.99286e-05
-0.024668 7.25651e-05
-0.0354564 9.223e-06
-0.0284665 -5.87013e-05
-0.00758228 -9.7513e-05
0.0172414 -8.79665e-05
0.0334358 -3.47996e-05
0.033002 3.56276e-05
0.0163596 8.83799e-05
-0.0086148 9.73068e-05
-0.0291115 5.7967e-05
-0.0352936 -1.01191e-05
-0.0239717 -7.31834e-05
-0.000641561 -9.99664e-05
0.0228038 -7.71636e-05
0.0351615 -1.61025e-05
0.0299133 5.29427e-05
0.00989085 9.57382e-05
-0.0149702 9.1042e-05
-0.0325796 4.12006e-05
-0.03381 -2.90778e-05
-0.0184703 -8.49368e-05
0.00613775 -9.86738e-05
0.0277159 -6.34807e-05
0.0354171 3.19764e-06
0.0257627 6.82816e-05
0.00311415 9.95091e-05
-0.0209259 8.13804e-05
-0.0346254 2.28875e-05
-0.0312423 -4.69468e-05
-0.0121793 -9.35125e-05
0.0127003 -9.36966e-05
0.0314709 -4.74168e-05
0.0345397 2.23708e-05
0.0204487 8.1072e-05
-0.00363753 9.95579e-05
-0.026134 6.86714e-05
-0.0354587 3.72577e-06
-0.0273353 -6.30686e-05
-0.00563714 -9.85854e-05
0.0189612 -8.52179e-05
0.0339617 -2.95824e-05
0.0323429 4.07135e-05
0.0145052 9.08229e-05
-0.0104513 9.58901e-05
-0.0301709 5.33907e-05
-0.0350912 -1.55757e-05
-0.0223893 -7.68277e-05
0.00121136 -9.99788e-05
0.0243353 -7.3545e-05
0.0353868 -1.06479e-05
0.0287718 5.75359e-05
0.00808913 9.71799e-05
-0.0168251 8.86297e-05
-0.0332307 3.61217e-05
-0.0332095 -3.43016e-05
-0.016793 -8.77109e-05
0.00812793 -9.76323e-05
0.0287954 -5.91273e-05
0.0353809 8.69218e-06
0.0243105 7.21994e-05
0.00116788 9.99076e-05
-0.0224187 7.80539e-05
-0.0350966 1.74986e-05
-0.030154 -5.17385e-05
-0.0104075 -9.53221e-05
0.0145371 -9.16283e-05
0.0323603 -4.2502e-05
0.0339507 2.77057e-05
0.0189265 8.41687e-05
-0.00567201 9.88908e-05
-0.0273681 6.45665e-05
-0.0354522 -1.78308e-06
-0.0261079 -6.7241e-05
-0.0035993 -9.93646e-05
0.0204829 -8.22049e-05
0.0345459 -2.42801e-05
0.0314557 4.56774e-05
0.0126618 9.29926e-05
-0.0122174 9.41777e-05
-0.0312581 4.86588e-05
-0.0346228 -2.09904e-05
-0.0208869 -8.02365e-05
0.00315034 -9.96872e-05
0.0257898 -6.97075e-05
0.0354197 -5.15501e-06
0.0276894 6.19486e-05
0.00610334 9.83311e-05
-0.0185101 8.59479e-05
-0.0338195 3.09305e-05
-0.032562 -3.94161e-05
-0.0149372 -9.02254e-05
0.00993249 -9.62897e-05
0.0299311 -5.4597e-05
0.0351574 1.41592e-05
0.0227739 7.59026e-05
-0.00068349 9.9997e-05
-0.0239965 7.44964e-05
-0.0353052 1.20532e-05
-0.0290825 -5.63733e-05
-0.00857767 -9.68395e-05
0.0163933 -8.92877e-05
0.0330178 -3.74522e-05
0.0334203 3.29519e-05
0.0172109 8.70119e-05
-0.00762448 9.79257e-05
-0.0284908 6.0261e-05
-0.0354493 -7.28036e-06
-0.0246443 -7.12152e-05
-0.00170343 -9.98395e-05
0.0220431 -7.89425e-05
0.0350095 -1.89077e-05
0.0303983 5.05086e-05
0.0109216 9.48744e-05
-0.0141073 9.2184e-05
-0.0321246 4.37783e-05
-0.0340994 -2.63439e-05
-0.0193627 -8.33969e-05
0.00519874 -9.90996e-05
0.027007 -6.56533e-05
0.035494 3.50697e-07
0.0264335 6.61729e-05
0.004099 9.91881e-05
-0.0200492 8.29996e-05
-0.0344548 2.56514e-05
-0.0316569 -4.4415e-05
-0.0131538 -9.24656e-05
0.0117466 -9.46523e-05
0.0310272 -4.99066e-05
0.034701 1.95895e-05
0.0213291 7.93707e-05
-0.00267429 9.97854e-05
-0.025427 7.07145e-05
-0.0353899 6.5668e-06
-0.0280247 -6.0831e-05
-0.00656836 -9.8069e-05
0.0180431 -8.66729e-05
0.0336856 -3.22891e-05
0.0327609 3.8095e-05
0.015378 8.9597e-05
-0.00941762 9.66574e-05
-0.0296887 5.57775e-05
-0.035206 -1.27572e-05
-0.0231678 -7.49754e-05
0.0001693 -0.000100007
0.0236459 -7.54469e-05
0.0352105 -1.34724e-05
0.0294017 5.51835e-05
0.00904994 9.64681e-05
-0.0159439 8.99146e-05
-0.0328131 3.87592e-05
-0.0336168 -3.16115e-05
-0.017619 -8.63087e-05
0.00710485 -9.82104e-05
0.0281946 -6.13978e-05
0.0355 5.85028e-06
0.0249784 7.02027e-05
0.00224178 9.9739e-05
-0.0216738 7.98021e-05
-0.0349015 2.02956e-05
-0.0306511 -4.92835e-05
-0.0114218 -9.44195e-05
0.0136738 -9.27339e-05
0.0318699 -4.50609e-05
0.0342581 2.49596e-05
0.019781 8.25954e-05
-0.00471215 9.92766e-05
-0.0266503 6.67121e-05
-0.0355286 1.06533e-06
-0.0267422 -6.51065e-05
-0.00461308 -9.90026e-05
0.0196232 -8.37908e-05
0.0343509 -2.70343e-05
0.0318492 4.31283e-05
0.0136546 9.19068e-05
-0.0112887 9.50962e-05
-0.0307753 5.11282e-05
-0.0347858 -1.8201e-05
-0.021759 -7.85022e-05
0.00220314 -9.98755e-05
0.0250427 -7.17209e-05
0.0353689 -7.99444e-06
0.0283439 5.96863e-05
0.00703934 9.77754e-05
-0.0175746 8.7367e-05
-0.0335528 3.36255e-05
-0.0329379 -3.67828e-05
-0.0158301 -8.89627e-05
0.00890958 -9.70175e-05
0.0294398 -5.69622e-05
0.0352374 1.13364e-05
0.0235737 7.40185e-05
0.000329006 9.99851e-05
-0.0232778 7.63679e-05
-0.0351191 1.4872e-05
-0.0297127 -5.39974e-05
-0.00950922 -9.60896e-05
0.0154739 -9.05353e-05
0.032614 -4.00745e-05
0.0338013 3.02482e-05
0.018024 8.55755e-05
-0.00657734 9.84629e-05
-0.0279071 6.25079e-05
-0.0355269 -4.43635e-06
-0.0253199 -6.919e-05
-0.00277441 -9.96298e-05
0.0213051 -8.06597e-05
0.034771 -2.16954e-05
0.0309155 4.80323e-05
0.011907 9.39335e-05
-0.0132291 9.32527e-05
-0.0316136 4.63183e-05
-0.0344146 -2.35863e-05
-0.0201798 -8.1791e-05
0.00420862 -9.94447e-05
0.0262956 -6.77718e-05
0.0355567 -2.49841e-06
0.0270386 6.40128e-05
0.00513985 9.87847e-05
-0.0192107 8.45525e-05
-0.0342251 2.83949e-05
-0.0320441 -4.18487e-05
-0.0141515 -9.13415e-05
0.0108385 -9.55335e-05
0.0304992 -5.23544e-05
0.0348783 1.6792e-05
0.0221779 7.76041e-05
-0.0017294 9.9934e-05
-0.024651 7.2698e-05
-0.0353523 9.4043e-06
-0.0286395 -5.8545e-05
-0.00752166 -9.74736e-05
0.0171049 -8.8056e-05
0.0334191 -3.49719e-05
0.0330956 3.54476e-05
0.0162964 8.82972e-05
-0.00841586 9.73464e-05
-0.0291745 5.81202e-05
-0.0352663 -9.93042e-06
-0.0239787 -7.30601e-05
-0.000812986 -9.99554e-05
0.0228876 -7.72869e-05
0.0350295 -1.62853e-05
0.0300182 5.27846e-05
0.00996196 9.56802e-05
-0.0149913 9.11245e-05
-0.0324248 4.13664e-05
-0.0339618 -2.88955e-05
-0.0184337 -8.4838e-05
0.00604642 -9.87067e-05
0.0276241 -6.36207e-05
0.0355306 3.00524e-06
0.025673 6.81487e-05
0.00329573 9.94888e-05
-0.0209282 8.14877e-05
-0.0346324 2.30738e-05
-0.0311829 -4.67865e-05
-0.0123728 -9.34412e-05
0.0127677 -9.37647e-05
0.031353 -4.75818e-05
0.0345711 2.21911e-05
0.0205641 8.09573e-05
-0.00368958 9.95804e-05
-0.0259535 6.88038e-05
-0.0355641 3.91399e-06
-0.027333 -6.29212e-05
-0.00567151 -9.8558e-05
0.0188074 -8.53106e-05
0.0340757 -2.97658e-05
0.0322446 4.05448e-05
0.0146427 9.07449e-05
-0.0103893 9.59398e-05
-0.0302099 5.3554e-05
-0.0349779 -1.53956e-05
-0.0225747 -7.67043e-05
0.00124613 -9.9984e-05
0.0242501 -7.3674e-05
0.0353402 -1.08297e-05
0.0289153 5.73773e-05
0.00801888 9.71399e-05
-0.0166467 8.87145e-05
-0.0332716 3.62952e-05
-0.0332444 -3.41219e-05
-0.0167689 -8.76259e-05
0.00793549 -9.76679e-05
