0 0.0005
-0.151105 0.000266547
-0.159209 -0.000219572
-0.0151966 -0.000497774
0.142318 -0.000302674
0.165324 0.000179332
0.0311131 0.00049142
-0.133089 0.000336128
-0.16998 -0.000138117
-0.0464043 -0.000481622
0.122035 -0.000367348
0.174208 9.54237e-05
0.0607086 0.000467838
-0.109818 0.000395429
-0.176867 -5.24476e-05
-0.0751868 -0.000450743
0.0975754 -0.000420853
0.177475 8.66488e-06
0.0894665 0.000429894
-0.0845122 0.000442708
-0.177281 3.47964e-05
-0.102184 -0.00040611
0.0699755 -0.00046148
0.17616 -7.84066e-05
0.114202 0.000378867
-0.0554142 0.000476439
-0.172922 0.000120976
-0.126141 -0.000349057
0.0409621 -0.00048805
0.168274 -0.000163057
0.136745 0.00031626
-0.0254741 0.00049559
-0.16322 0.00020352
-0.145579 -0.000281428
0.00955175 -0.000499636
0.156572 -0.000242806
0.154045 0.000244045
0.00558853 0.000499584
-0.14802 0.000279846
-0.161674 -0.000205202
-0.020837 -0.000495965
0.138922 -0.000315168
0.167259 0.000164431
0.0367156 0.000488235
-0.12929 0.000347718
-0.171526 -0.000122797
-0.0517904 -0.00047709
0.117802 -0.000377944
0.175316 7.98024e-05
0.0659493 0.000461986
-0.105335 0.000404957
-0.177387 -3.66484e-05
-0.0803258 -0.000443622
0.0928675 -0.000429233
0.177496 -7.19874e-06
0.0943189 0.00042156
-0.0794634 0.000449874
-0.176915 5.06046e-05
-0.106689 -0.000396629
0.0647007 -0.000467378
0.175265 -9.40332e-05
0.118481 0.000368305
-0.0500717 0.000481027
-0.171461 0.000136306
-0.130113 -0.000337505
0.0354696 -0.000491284
0.16641 -0.000177977
0.140253 0.000303804
-0.0198076 0.000497448
-0.160947 0.000217913
-0.148702 -0.000268162
0.00390986 -0.000500108
0.153767 -0.000256558
0.156833 0.000230067
0.0111722 0.000498662
-0.144794 0.000292861
-0.163965 -0.00019063
-0.0264657 -0.000493654
0.135394 -0.000327342
0.169024 0.000149368
0.0422736 0.000484557
-0.12535 0.000358956
-0.172908 -0.000107356
-0.0571157 -0.000472077
0.113449 -0.000388157
0.176243 6.41047e-05
0.0711317 0.000455669
-0.100756 0.000414076
-0.17772 -2.08159e-05
-0.0853851 -0.000436055
0.0880634 -0.000437177
0.177347 -2.30524e-05
0.0990641 0.000412803
-0.0743263 0.000456583
-0.176373 6.63589e-05
-0.111089 -0.000386751
0.0593694 -0.000472802
0.174183 -0.000109562
0.122649 0.000357374
-0.044685 0.000485128
-0.169828 0.000151496
-0.133946 -0.000325616
0.0299315 -0.00049402
0.164389 -0.000192715
0.143611 0.000291045
-0.0141213 0.000498803
-0.158506 0.000232085
-0.151684 -0.000254629
-0.0017235 -0.000500074
0.150799 -0.00027005
0.159466 0.000215863
0.0167472 0.000497236
-0.141433 0.00030558
-0.166079 -0.00017587
-0.0320759 -0.000490844
0.131734 -0.000339184
0.17062 0.000134159
0.0477799 0.00048039
-0.121274 0.00036983
-0.174127 -9.1811e-05
-0.0623767 -0.000466588
0.108982 -0.000397978
0.176986 4.83465e-05
0.0762513 0.000448893
-0.0960874 0.000422775
-0.177868 -4.96575e-06
-0.0903575 -0.000428049
0.0831659 -0.000444679
0.177029 -3.88804e-05
0.103697 0.000403633
-0.0691074 0.00046283
-0.175655 8.20433e-05
-0.11538 -0.000376485
0.0539885 -0.000477749
0.172915 -0.000124978
0.126702 0.000346086
-0.0392578 0.000488737
-0.168029 0.000166533
-0.137634 -0.000313403
0.0243529 -0.000496256
0.162214 -0.000207258
0.146817 0.000277996
-0.00842295 0.000499653
-0.155899 0.000246021
-0.154524 -0.000240843
-0.00734309 -0.000499535
0.147672 -0.000283269
0.161939 0.000201445
0.0223097 0.000495306
-0.137939 0.000317989
-0.168014 -0.000160937
-0.0376607 -0.000487538
0.127945 -0.000350684
0.172047 0.000118817
0.0532278 0.000475739
-0.117065 0.000380329
-0.175177 -7.61774e-05
-0.06757 -0.000460629
0.104409 -0.000407396
0.177542 3.25435e-05
0.0813036 0.000441664
-0.0913315 0.000431047
-0.177832 1.08863e-05
-0.0952359 -0.000419615
0.0781783 -0.00045173
0.176543 -5.46667e-05
0.108215 0.000394057
-0.0638136 0.000468609
-0.174761 9.76423e-05
-0.11956 -0.000365841
0.0485646 -0.000482213
0.171461 -0.000140266
0.130634 0.000334452
-0.0337937 0.000491851
-0.166066 0.0001814
-0.141173 -0.000300878
0.0187393 -0.000497989
0.159885 -0.000221591
0.14987 0.000264672
-0.00272016 0.000499998
-0.153125 0.000259707
-0.157219 -0.000226819
-0.0129441 -0.000498491
0.144392 -0.000296201
0.164248 0.000186828
0.0278556 0.000492875
-0.134318 0.000330078
-0.169769 -0.000145847
-0.0432128 -0.000483741
0.124028 -0.000361828
0.173306 0.00010336
0.0586109 0.000470609
-0.112728 0.000390443
-0.176059 -6.04708e-05
-0.0726926 -0.000454206
0.0997352 -0.000416403
0.177911 1.67116e-05
0.0862835 0.000433991
-0.0864927 0.000438883
-0.177614 2.67244e-05
-0.100013 -0.000410759
0.0731042 -0.000458324
0.175891 -7.03956e-05
0.112612 0.000384087
-0.0584518 0.000473913
-0.173687 0.00011314
-0.123627 -0.000354832
0.0431037 -0.000486189
0.169824 -0.00015541
0.13444 0.000322485
-0.0282965 0.000494467
-0.163942 0.000196083
-0.144557 -0.000288055
0.0130968 -0.000499219
0.157404 -0.000235699
0.15277 0.000251084
0.0029795 0.000499837
-0.150189 0.00027313
-0.159766 -0.00021257
-0.018522 -0.000496944
0.140962 -0.000308833
0.166389 0.000172028
0.0333807 0.000489947
-0.130573 0.000341833
-0.171344 -0.000130614
-0.0487247 -0.000479456
0.119986 -0.000372607
0.174398 8.78021e-05
0.0639231 0.000465005
-0.108269 0.000400163
-0.176768 -4.47071e-05
-0.0777413 -0.000447326
0.0949682 -0.00042499
0.17809 8.66555e-07
0.091186 0.000425882
-0.0815743 0.000446274
-0.177218 4.25328e-05
-0.104684 -0.000401493
0.0679475 -0.000464454
0.175072 -8.60514e-05
0.116886 0.000373733
-0.0530295 0.000478738
-0.172435 0.000128521
-0.127578 -0.000343469
0.0376119 -0.000489674
0.168007 -0.000170396
0.138115 0.000310197
-0.0227696 0.000496582
-0.161663 0.000210568
-0.147784 -0.000274946
0.00743164 -0.000499944
0.154772 -0.000249568
0.155514 0.000237248
0.0086686 0.000499172
-0.14709 0.000286276
-0.162162 -0.000198111
-0.0240727 -0.000494895
0.137389 -0.000321154
0.168357 0.000157059
0.0388804 0.000486523
-0.126707 0.000353243
-0.172738 -0.000115254
-0.054189 -0.000474689
0.115821 -0.000383009
0.175322 7.21592e-05
0.069159 0.000458934
-0.103692 0.000409477
-0.177303 -2.89022e-05
-0.0827132 -0.000439997
0.0901142 -0.000433147
0.17808 -1.49758e-05
0.0960055 0.000417346
-0.0765799 0.000453215
-0.176644 5.82959e-05
-0.10924 -0.000391825
0.0627125 -0.000470114
0.174089 -0.000101619
0.121034 0.000363006
-0.0475539 0.000483079
-0.171004 0.000143771
-0.131411 -0.000331763
0.0320946 -0.000492665
0.166012 -0.000185209
0.141653 0.0002976
-0.017217 0.000498195
-0.15923 0.000224839
-0.150851 -0.000261565
0.00175058 -0.000500164
0.151989 -0.000263185
0.158103 0.000223176
0.01434 0.000498004
-0.143834 0.000299132
-0.164405 -0.000183457
-0.0295923 -0.000492347
0.133678 -0.000333151
0.170149 0.000141937
0.04435 0.000482609
-0.122725 0.000364295
-0.173952 -9.97816e-05
-0.0595981 -0.000469444
0.111535 -0.000393023
0.176078 5.64469e-05
0.0743131 0.000452401
-0.0990038 0.000418378
-0.177661 -1.30718e-05
-0.0876053 -0.000432226
0.0851794 -0.000440868
0.177879 -3.07998e-05
0.100736 0.000408392
-0.0715126 0.000459697
-0.175897 7.3998e-05
-0.113676 -0.000381767
0.0574041 -0.000475299
0.172941 -0.000117081
0.125053 0.000351916
-0.0420326 0.000486933
-0.169393 0.000158873
-0.135121 -0.000319726
0.0265569 -0.000495158
0.163843 -0.000199833
0.14505 0.000284708
-0.0116424 0.000499305
-0.156648 0.000238883
-0.153754 -0.000247925
-0.00393932 -0.00049988
0.149057 -0.000276536
0.160536 0.000208884
0.0199867 0.000496333
-0.140422 0.000311685
-0.16649 -0.000168622
-0.0350773 -0.000489303
0.129836 -0.000344812
0.171762 0.000126677
0.0497844 0.000478209
-0.11863 0.000374981
-0.174986 -8.42128e-05
-0.0649444 -0.000463727
0.10713 -0.00040264
0.176669 4.06811e-05
0.079381 0.000445414
-0.0942109 0.000426857
-0.17784 2.76798e-06
-0.0924146 -0.000424021
0.0801701 -0.000448143
0.177488 -4.65896e-05
0.105373 0.000399028
-0.0663759 0.000465714
-0.174978 8.96235e-05
-0.117987 -0.000371327
0.0520274 -0.000480003
0.17163 -0.000132424
0.128942 0.000340475
-0.0364731 0.000490294
-0.167603 0.000173813
-0.138705 -0.000307371
0.0210036 -0.000497151
0.161504 -0.000214255
0.148298 0.000271534
-0.00605004 0.00049991
-0.15392 0.000252686
-0.156491 -0.00023404
-0.00963073 -0.000499091
0.145977 -0.000289607
0.162812 0.000194386
0.0256021 0.000494162
-0.136859 0.000323924
-0.168415 -0.000153623
-0.040524 -0.000485766
0.125868 -0.000356125
0.173193 0.000111293
0.0551783 0.000473327
-0.114424 0.000385287
-0.175842 -6.8563e-05
-0.0702207 -0.000457545
0.10261 -0.000411851
0.177092 2.48775e-05
0.0843581 0.00043798
-0.0893196 0.000434904
-0.177837 1.86015e-05
-0.0971379 -0.000415392
0.0750919 -0.000454967
0.176909 -6.23296e-05
0.109908 0.000389266
-0.061173 0.00047126
-0.17389 0.000105157
-0.122168 -0.000360517
0.0465882 -0.000484223
0.170154 -0.000147632
0.132697 0.000328694
-0.0308828 0.000493161
-0.165635 0.000188577
-0.142161 -0.00029471
0.0154393 -0.000498643
0.158998 -0.000228461
0.151395 0.000258091
-0.000444161 0.00050001
-0.151049 0.000266233
-0.159062 -0.000219924
-0.0153161 -0.000497799
0.142749 -0.000302385
0.164931 0.000179696
0.0311801 0.000491493
-0.133149 0.000335835
-0.170175 -0.000138473
-0.0459292 -0.00048174
0.12178 -0.000367079
0.17444 9.58021e-05
0.060526 0.000467969
-0.11011 0.000395205
-0.17652 -5.28478e-05
-0.0754196 -0.000450905
0.0979776 -0.000420645
0.177349 9.05192e-06
0.0892406 0.000430108
-0.0843368 0.000442512
-0.177652 3.44128e-05
-0.101772 -0.000406346
0.0699505 -0.000461331
0.176142 -7.80042e-05
0.114338 0.000379114
-0.0559072 0.000476331
-0.172636 0.000120583
-0.126214 -0.000349348
0.0410925 -0.000487954
0.168514 -0.00016269
0.136318 0.000316587
-0.0252689 0.00049553
-0.16349 0.000203148
-0.145484 -0.000281757
0.00986806 -0.000499632
0.156332 -0.000242435
0.154334 0.000244393
0.00517058 0.000499605
-0.148036 0.000279512
-0.161464 -0.000205592
-0.0209877 -0.000496006
0.139375 -0.000314858
0.166892 0.000164829
0.0367147 0.00048833
-0.129298 0.000347407
-0.171768 -0.000123188
-0.0512894 -0.000477229
0.117578 -0.000377663
0.175501 8.02191e-05
0.0658216 0.00046214
-0.105692 0.000404724
-0.177023 -3.70829e-05
-0.0805343 -0.000443812
0.093237 -0.000429015
0.177438 -6.77978e-06
0.094025 0.000421804
-0.0792694 0.000449674
-0.177282 5.01863e-05
-0.106313 -0.000396894
0.0647511 -0.000467231
0.175189 -9.35978e-05
0.118654 0.000368585
-0.050582 0.00048092
-0.171219 0.000135885
-0.13012 -0.000337833
0.0355469 -0.000491192
0.166711 -0.000177582
0.139803 0.000304165
-0.0196387 0.0004974
-0.161171 0.000217514
-0.14867 -0.000268525
0.00429384 -0.000500117
0.153509 -0.000256165
0.157112 0.000230454
0.0107893 0.000498696
-0.144886 0.000292509
-0.163697 -0.000191057
-0.0266378 -0.000493714
0.135857 -0.000327013
0.168695 0.0001498
0.0422004 0.000484676
-0.125309 0.000358629
-0.17319 -0.000107784
-0.0566014 -0.000472238
0.113267 -0.000387867
0.176374 6.45597e-05
0.0710589 0.000455848
-0.101171 0.000413834
-0.177351 -2.12839e-05
-0.0855582 -0.000436276
0.0883923 -0.000436952
0.177359 -2.26018e-05
0.098708 0.000413079
-0.0741245 0.000456383
-0.176727 6.59061e-05
-0.110757 -0.000387045
0.0594984 -0.00047266
0.174054 -0.000109095
0.122851 0.000357689
-0.0452012 0.000485024
-0.16964 0.00015105
-0.133884 -0.000325981
0.0299583 -0.000493935
0.164743 -0.000192294
0.14315 0.000291441
-0.0139989 0.000498768
-0.158679 0.000231659
-0.151714 -0.000255027
-0.00127964 -0.000500098
0.150534 -0.000269637
0.159723 0.000216289
0.0164067 0.000497285
-0.141601 0.000305211
-0.16576 -0.000176334
-0.0322586 -0.000490925
0.132197 -0.000338838
0.170338 0.000134625
0.0476323 0.000480535
-0.121189 0.00036949
-0.174437 -9.22765e-05
-0.0618617 -0.000466773
0.108854 -0.000397681
0.177059 4.88394e-05
0.0762315 0.000449098
-0.0965515 0.000422527
-0.177506 -5.46657e-06
-0.0904852 -0.000428303
0.0834483 -0.000444449
0.177112 -3.83982e-05
0.103287 0.00040394
-0.0689093 0.000462632
-0.175985 8.15567e-05
-0.1151 -0.00037681
0.0541972 -0.000477612
0.172738 -0.000124481
0.126923 0.000346436
-0.0397686 0.000488638
-0.167903 0.000166061
-0.137502 -0.000313806
0.0243338 -0.000496181
0.162612 -0.000206812
0.146358 0.000278428
-0.0083561 0.000499634
-0.156018 0.000245571
-0.154613 -0.000241278
-0.00684881 -0.000499575
0.147413 -0.000282837
0.162164 0.00020191
0.0220171 0.000495372
-0.138182 0.000317605
-0.167655 -0.000161439
-0.0378424 -0.000487644
0.128396 -0.000350321
0.171821 0.000119318
0.0530056 0.000475911
-0.116944 0.000379978
-0.175506 -7.66803e-05
-0.0670666 -0.00046084
0.104343 -0.000407095
0.177555 3.30738e-05
0.0813328 0.000441898
-0.091835 0.000430794
-0.17749 1.03534e-05
-0.0953094 -0.000419903
0.0784103 -0.000451497
0.176696 -5.41534e-05
0.107759 0.000394398
-0.0636307 0.000468415
-0.175057 9.71225e-05
-0.119338 -0.0003662
0.0488515 -0.000482084
0.171244 -0.00013974
0.130865 0.00033484
-0.0342885 0.000491759
-0.166008 0.000180905
-0.140973 -0.000301321
0.0186811 -0.000497926
0.160317 -0.00022112
0.149425 0.000265138
-0.00271658 0.000499998
-0.153191 0.000259234
-0.157361 -0.00022729
-0.0124101 -0.00049855
0.14415 -0.000295753
0.164433 0.000187334
0.0276148 0.000492961
-0.134631 0.00032968
-0.16938 -0.000146386
-0.0433817 -0.000483873
0.124457 -0.000361451
0.173142 0.000103895
0.058316 0.000470809
-0.11258 0.000390084
-0.176395 -6.10114e-05
-0.0722122 -0.000454444
0.0997396 -0.000416099
0.177864 1.72787e-05
0.086356 0.000434257
-0.0870247 0.000438627
-0.177305 2.61603e-05
-0.100026 -0.000411084
0.0732837 -0.00045809
0.17611 -6.98516e-05
0.112121 0.000384463
-0.0582958 0.000473726
-0.173943 0.000112588
-0.123466 -0.000355225
0.0434654 -0.00048607
0.169578 -0.000154857
0.134669 0.000322912
-0.0287654 0.000494384
-0.163958 0.000195565
-0.144293 -0.000288536
0.0130076 -0.000499171
0.157859 -0.000235204
0.15235 0.000251587
0.00291377 0.000499858
-0.150202 0.000272635
-0.159955 -0.00021308
-0.0179601 -0.000497022
0.140751 -0.000308371
0.166525 0.000172575
0.0331935 0.000490055
-0.130951 0.000341422
-0.170936 -0.00013119
-0.0488692 -0.000479617
0.120384 -0.000372217
0.1743 8.83722e-05
0.0635594 0.000465235
-0.108103 0.000399797
-0.1771 -4.52854e-05
-0.0772946 -0.000447593
0.0950481 -0.000424685
0.177985 1.46961e-06
0.0912945 0.000426181
-0.0821237 0.000446017
-0.176952 4.19383e-05
-0.104629 -0.000401855
0.0680749 -0.000464222
0.175352 -8.5477e-05
0.116371 0.000374144
-0.0529113 0.000478561
-0.172644 0.000127938
-0.127479 -0.000343897
0.0380428 -0.000489566
0.167741 -0.000169817
0.138331 0.000310664
-0.0232041 0.000496512
-0.161754 0.000210028
-0.147461 -0.000275467
0.00732124 -0.000499914
0.155238 -0.000249051
0.15513 0.000237787
0.00852938 0.000499215
-0.147055 0.000285762
-0.16239 -0.00019866
-0.0234952 -0.000494995
0.13722 -0.00032068
0.168439 0.000157647
0.0387466 0.000486656
-0.127144 0.00035282
-0.172325 -0.000115866
-0.0542979 -0.00047488
0.11618 -0.000382608
0.175294 7.27639e-05
0.0687324 0.000459195
-0.10352 0.000409108
-0.177621 -2.9518e-05
-0.0823093 -0.000440294
0.0902731 -0.000432843
0.177921 -1.43378e-05
0.0961412 0.00041768
-0.0771352 0.000452958
-0.176431 5.76718e-05
-0.109116 -0.000392226
0.0627902 -0.000469887
0.174421 -0.000101014
0.120508 0.000363452
-0.0474839 0.000482914
-0.171161 0.000143158
-0.131372 -0.000332227
0.0325871 -0.00049257
0.165739 -0.000184605
0.141846 0.000298108
-0.0176099 0.000498138
-0.159398 0.000224279
-0.150476 -0.000262125
0.00162978 -0.000500154
0.152456 -0.000262647
0.157766 0.000223753
0.0141251 0.000498071
-0.143756 0.000298601
-0.164661 -0.000184046
-0.0290117 -0.000492471
0.133562 -0.000332666
0.170173 0.000142566
0.0442674 0.000482768
-0.123211 0.000363863
-0.173545 -0.000100429
-0.0596612 -0.000469668
0.111848 -0.000392614
0.176121 5.70864e-05
0.0738313 0.000452696
-0.0988372 0.000418008
-0.177954 -1.3725e-05
-0.0872517 -0.000432555
0.0854186 -0.000440567
0.177673 -3.01278e-05
0.10089 0.000408762
-0.0720628 0.000459443
-0.175746 7.33452e-05
-0.113481 -0.000382206
0.0574366 -0.000475079
0.173318 -0.000116448
0.124528 0.000352399
-0.0420199 0.000486781
-0.169496 0.000158232
-0.13514 -0.000320229
0.0271019 -0.000495078
0.163575 -0.000199208
0.14521 0.000285258
-0.0119883 0.000499264
-0.15689 0.000238303
-0.153336 -0.000248525
-0.004059 -0.000499892
0.149513 -0.000275977
0.160253 0.000209498
0.019696 0.000496427
-0.140309 0.00031114
-0.166764 -0.000169252
-0.0345057 -0.000489452
0.129782 -0.000344318
0.171725 0.000127346
0.049749 0.000478397
-0.119155 0.00037454
-0.174599 -8.48961e-05
-0.0649528 -0.000463986
0.107394 -0.000402226
0.17678 4.13553e-05
0.078853 0.000445743
-0.0940611 0.000426488
-0.1781 2.07809e-06
-0.0921168 -0.000424384
0.0804886 -0.000447847
0.177242 -4.58849e-05
0.105533 0.000399437
-0.0669104 0.000465465
-0.174895 8.89429e-05
-0.117722 -0.000371807
0.0520213 -0.000479793
0.17204 -0.000131762
0.128429 0.000340996
-0.0365253 0.000490159
-0.167653 0.000173145
-0.138778 -0.000307913
0.0215906 -0.000497088
0.161253 -0.000213609
0.148417 0.000272127
-0.00634544 0.000499887
-0.154233 0.000252088
-0.156042 -0.00023468
-0.00973743 -0.000499129
0.146412 -0.00028903
0.16259 0.000195037
0.0252377 0.000494284
-0.13672 0.000323367
-0.168696 -0.000154293
-0.0399731 -0.000485942
0.125884 -0.000355625
0.173096 0.000112003
0.0551841 0.000473546
-0.114978 0.00038484
-0.175486 -6.92812e-05
-0.0701669 -0.000457841
0.102823 -0.000411432
0.177268 2.55862e-05
0.0837944 0.000438344
-0.0891984 0.000434539
-0.178056 1.78755e-05
-0.0968994 -0.000415789
0.0754865 -0.000454677
0.176633 -6.15936e-05
0.110065 0.000389715
-0.0616822 0.000471018
-0.173881 0.000104449
-0.121837 -0.000361038
0.0465516 -0.000484026
0.170588 -0.000146943
0.132209 0.000329254
-0.0310059 0.000493044
-0.165633 0.000187883
-0.14228 -0.000295293
0.0160567 -0.000498598
0.158778 -0.000227796
0.151464 0.000258727
-0.000687475 0.000500008
-0.151427 0.000265619
-0.158593 -0.000220604
-0.0153981 -0.000497865
0.143154 -0.000301792
0.164775 0.000180385
0.0307458 0.000491645
-0.132994 0.000335268
-0.170452 -0.000139184
-0.0454095 -0.000481944
0.121871 -0.000366575
0.174284 9.65513e-05
0.0605656 0.000468221
-0.110682 0.000394753
-0.176207 -5.36003e-05
-0.0752982 -0.000451238
0.0981394 -0.000420226
0.177585 9.79505e-06
0.0886526 0.000430508
-0.0842553 0.000442154
-0.177823 3.36515e-05
-0.101594 -0.000406781
0.0704159 -0.000461051
0.175846 -7.72383e-05
0.11448 0.000379606
-0.0563827 0.000476098
-0.172703 0.000119849
-0.125822 -0.000349911
0.0410351 -0.000487772
0.168961 -0.000161973
0.135865 0.000317186
-0.0254671 0.000495435
-0.16344 0.000202432
-0.14564 -0.000282382
0.0105037 -0.000499607
0.156153 -0.000241754
0.154348 0.000245073
0.00497892 0.000499627
-0.148473 0.000278882
-0.160987 -0.000206312
-0.0210337 -0.000496102
0.139743 -0.00031425
0.166804 0.000165557
0.0362165 0.000488513
-0.129137 0.000346833
-0.17203 -0.000123941
-0.0508102 -0.000477464
0.117749 -0.000377156
0.17529 8.10073e-05
0.0658863 0.000462428
-0.10627 0.000404269
-0.176762 -3.78691e-05
-0.0803418 -0.000444185
0.0933501 -0.000428597
0.177726 -6.00253e-06
0.0934245 0.000422242
-0.0792378 0.000449325
-0.177402 4.93907e-05
-0.106195 -0.000397367
0.0652801 -0.000466961
0.174886 -9.28035e-05
0.118771 0.00036912
-0.051017 0.000480698
-0.171361 0.000135127
-0.129675 -0.000338438
0.0354795 -0.000491029
0.167158 -0.00017684
0.139395 0.000304803
-0.019914 0.000497327
-0.161078 0.000216776
-0.148854 -0.000269193
0.00493543 -0.000500114
0.153383 -0.000255469
0.157066 0.000231179
0.0106468 0.000498744
-0.145372 0.000291865
-0.163226 -0.000191816
-0.0266374 -0.000493842
0.136181 -0.000326393
0.168676 0.000150566
0.0416461 0.000484892
-0.125155 0.00035805
-0.173426 -0.000108578
-0.0561702 -0.000472506
0.113519 -0.00038736
0.176115 6.5386e-05
0.0711388 0.000456174
-0.101744 0.000413379
-0.177151 -2.21032e-05
-0.0852934 -0.000436689
0.0884612 -0.000436538
0.177692 -2.17908e-05
0.0981072 0.000413555
-0.074152 0.000456045
-0.176792 6.50775e-05
-0.110696 -0.000387559
0.0600821 -0.000472402
0.173755 -0.000108274
0.122934 0.000358268
-0.0455905 0.000484816
-0.169857 0.000150268
-0.133395 -0.000326629
0.0298924 -0.000493793
0.165181 -0.000191528
0.142795 0.00029212
-0.0143514 0.00049872
-0.158552 0.000230902
-0.151915 -0.000255739
-0.000644295 -0.00050012
0.15047 -0.000268928
0.159616 0.000217057
0.0163092 0.000497361
-0.142126 0.000304554
-0.165307 -0.000177133
-0.0322026 -0.000491088
0.132472 -0.000338207
0.170387 0.00013543
0.0470308 0.000480784
-0.121053 0.000368908
-0.174639 -9.31117e-05
-0.0614842 -0.000467075
0.109186 -0.000397175
0.17676 4.97028e-05
0.0763161 0.000449464
-0.0971095 0.000422073
-0.177374 -6.31825e-06
-0.0901489 -0.000428759
0.0834793 -0.000444041
0.177479 -3.7554e-05
0.102698 0.000404456
-0.0690035 0.000462308
-0.175997 8.06964e-05
-0.115091 -0.000377366
0.0548253 -0.000477369
0.172456 -0.000123634
0.126962 0.000347061
-0.0401089 0.000488446
-0.168191 0.000165256
-0.136979 -0.000314497
0.0242814 -0.000496062
0.16303 -0.000206022
0.146062 0.000279147
-0.00878382 0.000499613
-0.155865 0.000244796
-0.154821 -0.000242034
-0.00623127 -0.000499623
0.147419 -0.000282118
0.161996 0.000202723
0.0219585 0.000495479
-0.138736 0.000316938
-0.167231 -0.000162277
-0.0377233 -0.000487843
0.128621 -0.000349683
0.171934 0.000120162
0.0523674 0.000476196
-0.116839 0.000379396
-0.175667 -7.75562e-05
-0.0667464 -0.000461177
0.104753 -0.000406592
0.177226 3.39734e-05
0.0814113 0.000442306
-0.0923684 0.000430344
-0.177431 9.46996e-06
-0.0949049 -0.000420401
0.0784114 -0.000451099
0.177086 -5.32765e-05
0.107193 0.000394954
-0.0637976 0.000468106
-0.175017 9.6232e-05
-0.119374 -0.000366798
0.0495127 -0.000481856
0.170992 -0.00013887
0.130853 0.000335511
-0.0345784 0.000491586
-0.166361 0.000180078
-0.140427 -0.000302055
0.0186538 -0.000497834
0.160706 -0.000220309
0.149194 0.0002659
-0.00321543 0.000500005
-0.153023 0.000258445
-0.157564 -0.000228092
-0.011821 -0.000498625
0.144232 -0.000295024
0.164205 0.000188191
0.0275875 0.000493101
-0.135203 0.000329003
-0.168998 -0.000147263
-0.0431937 -0.00048411
0.124633 -0.000360807
0.173314 0.000104779
0.0576523 0.000471132
-0.112516 0.000389504
-0.176508 -6.19274e-05
-0.0719508 -0.00045482
0.100222 -0.000415601
0.177515 1.82132e-05
0.0864177 0.000434708
-0.0875254 0.000438182
-0.177322 2.52458e-05
-0.0995581 -0.000411626
0.0732647 -0.000457704
0.176512 -6.89427e-05
0.111589 0.00038506
-0.0585395 0.000473436
-0.173855 0.000111669
-0.123538 -0.000355868
0.0441478 -0.00048586
0.169366 -0.000153965
0.1346 0.00032363
-0.0290056 0.000494233
