0 0.0002
-0.0487043 0.000146785
-0.0710546 1.34474e-05
-0.054203 -0.000127246
-0.00818668 -0.000198484
0.0426211 -0.000161323
0.0700455 -3.60995e-05
0.059088 0.000108829
0.0162064 0.000194341
-0.035962 0.000173713
-0.0681133 5.82144e-05
-0.0632597 -8.90553e-05
-0.0239269 -0.000187722
0.0287586 -0.000183896
0.065318 -7.96376e-05
0.0666386 6.80604e-05
0.0312814 0.000178618
-0.0211053 0.000191636
-0.0617663 9.99657e-05
-0.0690805 -4.62473e-05
-0.0382403 -0.000167245
0.0131313 -0.000196931
0.0574866 -0.000119061
0.0705427 2.37701e-05
0.044774 0.000153646
-0.00502208 0.000199617
-0.0524745 0.000136553
-0.0710345 -1.05448e-06
-0.0508012 -0.000138102
-0.00307513 -0.000199757
0.0467348 -0.00015233
0.070589 -2.17392e-05
0.0562319 0.000120705
0.011053 0.000197256
-0.0403078 0.000166071
-0.0693014 4.41851e-05
-0.0608927 -0.000101799
-0.0188585 -0.00019224
0.0332764 -0.000177703
0.0671972 -6.61258e-05
0.0646997 8.15099e-05
0.0264586 0.000184679
-0.0258162 0.000186974
-0.0642684 8.71467e-05
-0.0675824 -6.02299e-05
-0.0337937 -0.000174765
0.0180669 -0.000193863
0.0605017 -0.000107102
0.0695403 3.81064e-05
0.0407741 0.000162526
-0.0101735 0.000198186
-0.0558778 0.000125604
-0.0706361 -1.55552e-05
-0.0472281 -0.000148226
0.00220893 -0.000199984
0.0504339 -0.000142532
0.0708893 -7.26561e-06
0.0530353 0.000131944
0.00578543 0.000199137
-0.0443042 0.000157548
-0.0702945 2.99285e-05
-0.0580594 -0.000114009
-0.0137673 -0.000195748
0.0376032 -0.000170571
0.068827 -5.22728e-05
0.0622596 9.45369e-05
0.0216599 0.000189764
-0.0304997 0.000181326
-0.066416 7.38733e-05
-0.0656491 -7.3902e-05
-0.0293173 -0.000181359
0.0230779 -0.000189778
0.0630581 -9.45778e-05
0.0682368 5.22444e-05
0.0365938 0.000170545
-0.0153939 0.000195718
-0.0588194 0.000113989
-0.0700207 -2.99715e-05
-0.0433141 -0.000157568
0.00747916 -0.000199162
0.053779 -0.000131977
0.0709695 7.23988e-06
0.0493914 0.000142493
0.000612405 0.000199969
-0.0481053 0.000148194
-0.0709789 1.55204e-05
-0.0547826 -0.000125626
-0.0087738 -0.00019822
0.0418822 -0.000162543
0.0700115 -3.81463e-05
0.0594793 0.000107071
0.0168529 0.000193844
-0.035185 0.00017473
-0.068052 6.0208e-05
-0.0634778 -8.71859e-05
-0.0246664 -0.000186995
0.0280399 -0.000184701
0.0651391 -8.15501e-05
0.066744 6.61028e-05
0.0320816 0.000177669
-0.0204737 0.000192222
-0.0614107 0.000101769
-0.0691624 -4.42238e-05
-0.0390041 -0.000166087
0.012552 -0.000197289
0.0569405 -0.000120728
0.0706677 2.17033e-05
0.0454002 0.000152298
-0.00440954 0.000199742
-0.05182 0.000138064
-0.0711677 1.03006e-06
-0.0512558 -0.000136586
-0.00379005 -0.000199642
0.0460736 -0.000153667
0.0706584 -2.3814e-05
0.0565367 0.00011904
0.0118769 0.000196901
-0.039704 0.00016722
-0.0692194 4.62197e-05
-0.0611361 -0.000100006
-0.0197218 -0.00019165
0.0327403 -0.000178652
0.0669056 -6.80903e-05
0.0649682 7.96079e-05
0.0272568 0.000183863
-0.0252765 0.000187708
-0.0638143 8.90148e-05
-0.0678833 -5.82414e-05
-0.0344503 -0.000173738
0.0174381 -0.000194371
0.0599685 -0.00010885
0.0698345 3.60558e-05
0.0412692 0.000161303
-0.00941196 0.000198459
-0.0553551 0.000127213
-0.0708253 -1.34719e-05
-0.047627 -0.000146823
0.00134042 -0.000200015
0.0499756 -0.000143984
0.0708845 -9.35109e-06
0.0534272 0.000130377
0.00666955 0.000198927
-0.0438664 0.000158826
-0.070098 3.19869e-05
-0.0584926 -0.000112295
-0.014566 -0.000195303
0.0371071 -0.000171656
0.0684857 -5.42764e-05
0.0627341 9.26948e-05
0.0223148 0.000189093
-0.0298725 0.000182201
-0.0660292 7.57992e-05
-0.066077 -7.19575e-05
-0.0298533 -0.000180472
0.0222964 -0.000190427
0.0627109 -9.64045e-05
0.0685175 5.02253e-05
0.0370864 0.000169453
-0.014522 0.000196133
-0.058505 0.000115695
-0.0701098 -2.79075e-05
-0.0438401 -0.000156281
0.00661833 -0.00019934
0.0534454 -0.00013354
0.0708684 5.15988e-06
0.0499884 0.000141025
0.00137457 0.000199911
-0.0476631 0.000149591
-0.0707773 1.7591e-05
-0.0553932 -0.000123995
-0.0094139 -0.000197929
0.0412671 -0.000163752
0.0698062 -4.01836e-05
0.0600104 0.0001053
0.0174196 0.000193324
-0.0344226 0.000175734
-0.0678763 6.21887e-05
-0.0638472 -8.53015e-05
-0.025245 -0.000186251
0.027208 -0.000185486
0.0649805 -8.34503e-05
0.0669083 6.41326e-05
0.0327388 0.000176706
-0.0196756 0.000192782
-0.06118 0.000103562
-0.0691818 -4.21935e-05
-0.0397265 -0.000164917
0.0118548 -0.00019762
0.0565489 -0.000122388
0.0706305 1.96374e-05
0.0461179 0.000150935
-0.00380016 0.000199841
-0.0512504 0.000139565
-0.0711415 3.10833e-06
-0.0518669 -0.000135051
-0.00438213 -0.000199507
0.0453622 -0.000154989
0.0706727 -2.58808e-05
0.0569622 0.000117357
0.0125355 0.00019653
-0.0389528 0.000168348
-0.0692031 4.82477e-05
-0.0613921 -9.8197e-05
-0.0204793 -0.000191045
0.0320449 -0.000179575
0.066767 -7.0051e-05
0.0651168 7.76978e-05
0.0280775 0.000183031
-0.0246626 0.000188417
-0.063496 9.08793e-05
-0.0680124 -5.62513e-05
-0.0352365 -0.00017269
0.0168693 -0.000194856
0.0594578 -0.000110591
0.0700084 3.40078e-05
0.0419204 0.000160057
-0.00880213 0.000198712
-0.0547355 0.00012881
-0.0710064 -1.13915e-05
-0.0481101 -0.000145398
0.000620974 -0.00020003
0.0493484 -0.000145417
0.0709987 -1.14365e-05
0.0537667 0.000128793
0.00750188 0.000198701
-0.0432931 0.000160081
-0.0700581 3.40466e-05
-0.0587763 -0.00011057
-0.0154407 -0.000194838
0.036596 -0.000172717
0.0682345 -5.62801e-05
0.0630471 9.08487e-05
0.0231268 0.000188398
-0.0293503 0.000183055
-0.0656157 7.77203e-05
-0.0664244 -7.00112e-05
-0.0305269 -0.00017956
0.0216773 -0.00019106
0.0622189 -9.82188e-05
0.068857 4.82027e-05
0.0376046 0.000168338
-0.0137651 0.000196533
-0.0580224 0.000117383
-0.0703426 -2.58378e-05
-0.0442686 -0.000154977
0.00575048 -0.0001995
0.0530239 -0.000135083
0.070906 3.07335e-06
0.0504164 0.000139545
0.00226035 0.00019983
-0.0472561 0.000150969
-0.0706235 1.96651e-05
-0.0558669 -0.000122358
-0.0102169 -0.000197611
0.0407946 -0.000164945
0.0695095 -4.22175e-05
0.0605266 0.000103522
0.0180842 0.000192777
-0.0338131 0.000176724
-0.0675352 6.41591e-05
-0.0643167 -8.34079e-05
-0.0257971 -0.000185483
0.0264395 -0.000186257
0.0646783 -8.53351e-05
0.0672299 6.21508e-05
0.0332552 0.000175726
-0.0188142 0.000193322
-0.0609068 0.000105339
-0.0693124 -4.01524e-05
-0.040283 -0.000163734
0.0110023 -0.000197926
0.0562507 -0.000124033
0.0705735 1.75658e-05
0.0467488 0.000149561
-0.00304207 0.000199912
-0.0508378 0.000141056
-0.0709866 5.18537e-06
-0.0525135 -0.000133504
-0.00502363 -0.000199345
0.0447714 -0.000156301
0.0705162 -2.79392e-05
0.0575295 0.000115658
0.0131116 0.000196137
-0.0382122 0.000169463
-0.0690751 5.02641e-05
-0.0617985 -9.63722e-05
-0.0210751 -0.000190423
0.031233 -0.000180478
0.0666525 -7.20008e-05
0.0653209 7.57738e-05
0.0287577 0.000182185
-0.0238815 0.0001891
-0.0633045 9.27353e-05
-0.0680754 -5.42531e-05
-0.0359858 -0.000171629
0.0161852 -0.000195314
0.0591003 -0.000112326
0.0700189 3.19594e-05
0.0426663 0.000158795
-0.00819857 0.00019894
-0.0541972 0.000130398
-0.0710297 -9.31604e-06
-0.0487508 -0.000143954
2.6698e-05 -0.000200024
0.0486666 -0.000146836
0.0710616 -1.35152e-05
0.0542247 0.000127189
0.00816977 0.000198458
-0.0425702 0.000161315
-0.0700872 3.61011e-05
-0.0590689 -0.00010883
-0.0162134 -0.000194358
0.0359266 -0.000173754
0.0681371 -5.82815e-05
0.0632379 8.89934e-05
0.0239653 0.000187686
-0.0287567 0.000183884
-0.0653357 7.96391e-05
-0.0666 -6.80621e-05
-0.0313329 -0.000178627
0.0211218 -0.000191671
0.0617452 -0.000100027
0.0690792 4.61814e-05
0.0382783 0.000167198
-0.0131608 0.000196915
-0.0574394 0.000119058
-0.0705714 -2.37694e-05
-0.0447782 -0.00015365
0.00502936 -0.000199644
0.0524328 -0.000136606
0.071065 9.85457e-07
0.0507886 0.000138049
0.00309826 0.000199732
-0.0467155 0.000152324
-0.0706261 2.17419e-05
-0.0561895 -0.000120709
-0.0111002 -0.000197273
0.0403108 -0.000166116
0.0692996 -4.42527e-05
0.0608829 0.000101739
0.0189072 0.000192206
-0.0333109 0.000177695
-0.0671633 6.61258e-05
-0.0647095 -8.15113e-05
-0.026485 -0.000184689
0.0258328 -0.000187012
0.064229 -8.72086e-05
0.067614 6.0164e-05
0.0337941 0.000174722
-0.0180648 0.000193849
-0.0604659 0.000107099
-0.0695884 -3.81042e-05
-0.040739 -0.000162533
0.010138 -0.000198215
0.055868 -0.00012566
0.0706535 1.54862e-05
0.0472108 0.000148176
-0.00215754 0.00019996
-0.0504638 0.000142528
-0.0708759 7.26709e-06
-0.053026 -0.000131949
-0.00582811 -0.000199156
0.0443247 -0.000157598
0.0702647 -2.99955e-05
0.0580858 0.000113951
0.0137832 0.000195716
-0.0376229 0.000170564
-0.0687805 5.22713e-05
-0.0623083 -9.45369e-05
-0.0216408 -0.000189778
0.0304801 -0.000181367
0.0663965 -7.39363e-05
0.0656825 7.38368e-05
0.0292954 0.000181321
-0.0230335 0.000189765
-0.0630739 9.45762e-05
-0.0682469 -5.22428e-05
-0.0365705 -0.000170555
0.0153439 -0.000195748
0.0588392 -0.000114048
0.0700058 2.99042e-05
0.0433291 0.000157521
-0.00744741 0.000199141
-0.0538162 0.000131976
-0.0709217 -7.24061e-06
-0.0494312 -0.000142497
-0.000613413 -0.000199991
0.0481025 -0.000148246
0.0709541 -1.55869e-05
0.0548263 0.000125569
0.00875258 0.000198192
-0.0418538 0.000162537
-0.0700076 3.81453e-05
-0.0595108 -0.000107071
-0.0168238 -0.000193861
0.0351373 -0.000174772
0.0680676 -6.02733e-05
0.0634809 8.71229e-05
0.0246657 0.00018696
-0.0279955 0.000184688
-0.0651846 8.15507e-05
-0.0667059 -6.61037e-05
-0.0321065 -0.000177679
0.0204536 -0.000192254
0.0614233 -0.00010183
0.0691369 4.41585e-05
0.0390501 0.000166041
-0.0125658 0.000197271
-0.0569342 0.000120727
-0.0706441 -2.17048e-05
-0.0454462 -0.000152302
0.00443565 -0.000199768
0.0517829 -0.000138117
0.0711765 -1.09723e-06
0.0512773 0.000136531
0.00377263 0.000199619
-0.0460232 0.000153659
-0.0707011 2.38149e-05
-0.0565172 -0.000119043
-0.0118852 -0.00019692
0.03967 -0.000167263
0.069244 -4.6287e-05
0.0611146 9.99459e-05
0.0197608 0.000191616
-0.0327403 0.000178641
-0.0669228 6.80914e-05
-0.0649306 -7.96107e-05
-0.0273082 -0.000183873
0.0252931 -0.000187745
0.0637937 -8.90771e-05
0.0678838 5.81771e-05
0.034488 0.000173694
-0.0174687 0.000194357
-0.0599212 0.000108847
-0.0698644 -3.6056e-05
-0.0412727 -0.000161309
0.00941808 -0.000198488
0.055315 -0.000127268
0.0708572 1.34038e-05
0.0476139 0.000146772
-0.00131697 0.000199992
-0.0499579 0.000143978
-0.0709213 9.35305e-06
-0.0533857 -0.000130382
-0.00671689 -0.000198946
0.0438705 -0.000158874
0.0700967 -3.20544e-05
0.0584839 0.000112238
0.0146145 0.00019527
-0.0371432 0.000171648
-0.0684512 5.42759e-05
-0.0627452 -9.26973e-05
-0.0223404 -0.000189105
0.0298885 -0.000182241
0.0659911 -7.58617e-05
0.0661102 7.18935e-05
0.0298525 0.000180432
-0.0222943 0.000190415
-0.0626762 9.6401e-05
-0.0685654 -5.02241e-05
-0.0370517 -0.000169462
0.0144861 -0.000196164
0.0584969 -0.000115752
0.0701277 2.78396e-05
0.0438229 0.000156234
-0.00656707 0.000199319
-0.0534769 0.000133537
-0.0708542 -5.15922e-06
-0.0499806 -0.000141031
-0.00141643 -0.000199932
0.0476837 -0.000149642
0.0707483 -1.76576e-05
0.055421 0.00012394
0.00942842 0.000197899
-0.0412872 0.000163746
-0.0697603 4.01815e-05
-0.0600593 -0.000105302
-0.0174004 -0.000193339
0.0344026 -0.000175776
0.0678588 -6.22522e-05
0.0638813 8.52382e-05
0.0252223 0.000186215
-0.0271635 0.000185474
-0.064998 8.34484e-05
-0.0669175 -6.41321e-05
-0.0327169 -0.000176718
0.0196263 -0.000192813
0.0612007 -0.000103622
0.0691673 4.21275e-05
0.0397424 0.000164872
-0.0118245 0.0001976
-0.0565866 0.000122386
-0.070583 -1.9639e-05
-0.0461584 -0.00015094
0.00379972 -0.000199865
0.0512474 -0.000139619
0.0711184 -3.1742e-06
0.0519114 0.000134996
0.00435935 0.000199482
-0.0453334 0.000154983
-0.0706703 2.58791e-05
-0.0569929 -0.000117358
-0.0125076 -0.000196549
0.0389058 -0.000168391
0.0692202 -4.83132e-05
0.0613952 9.81363e-05
0.0204787 0.000191013
-0.0320016 0.000179562
-0.0668132 7.00512e-05
-0.0650785 -7.76998e-05
-0.0281035 -0.000183043
0.0246435 -0.000188451
0.0635089 -9.09417e-05
0.067988 5.61876e-05
0.0352832 0.000172647
-0.016885 0.00019484
-0.059451 0.000110589
-0.0699861 -3.40101e-05
-0.0419659 -0.000160063
0.00882768 -0.000198741
0.054699 -0.000128864
0.0710172 1.13252e-05
0.0481313 0.000145346
-0.000638927 0.000200008
-0.0492984 0.00014541
-0.0710422 1.14367e-05
-0.0537467 -0.000128797
-0.00751143 -0.000198721
0.0432605 -0.000160126
0.0700836 -3.41138e-05
0.058755 0.000110513
0.0154802 0.000194807
-0.0365979 0.000172708
-0.0682512 5.62807e-05
-0.0630107 -9.08526e-05
-0.023178 -0.00018841
0.0293671 -0.000183094
0.0655955 -7.77833e-05
0.0664266 6.99488e-05
0.0305641 0.000179519
-0.0217091 0.000191048
-0.0621716 9.82156e-05
-0.068888 -4.82038e-05
-0.0376074 -0.000168345
0.0137702 -0.000196564
0.0579838 -0.000117438
0.0703758 2.57707e-05
0.0442549 0.000154929
-0.00572673 0.00019948
-0.0530079 0.000135077
-0.0709423 -3.07217e-06
-0.0503756 -0.000139552
-0.00230783 -0.000199851
0.0472613 -0.000151018
0.0706227 -1.97322e-05
0.0558593 0.000122303
0.010265 0.000197581
-0.0408322 0.000164938
-0.0694745 4.22164e-05
-0.060539 -0.000103526
-0.0181091 -0.000192791
0.0338285 -0.000176766
0.0674984 -6.4222e-05
0.0643513 8.33459e-05
0.025795 0.000185446
-0.0264373 0.000186245
-0.0646448 8.53313e-05
-0.0672776 -6.21505e-05
-0.033221 -0.000175737
0.018778 -0.000193355
0.0609004 -0.000105397
0.0693308 4.00859e-05
0.0402659 0.00016369
-0.0109512 0.000197906
-0.0562839 0.00012403
-0.0705585 -1.7566e-05
-0.0467425 -0.000149569
0.00300107 -0.000199935
0.0508587 -0.000141108
0.0709586 -5.25131e-06
0.0525425 0.00013345
0.0050366 0.000199318
-0.0447916 0.000156296
-0.0704709 2.79365e-05
-0.0575786 -0.00011566
-0.0130924 -0.000196154
0.0381918 -0.000169507
0.0690594 -5.03277e-05
0.0618331 9.63111e-05
0.0210515 0.00019039
-0.0311884 0.000180466
-0.0666715 7.19985e-05
-0.0653293 -7.57743e-05
-0.0287372 -0.000182198
0.0238331 -0.000189134
0.0633262 -9.27964e-05
0.0680613 5.41887e-05
0.0360025 0.000171587
-0.0161563 0.000195296
-0.0591383 0.000112324
-0.0699715 -3.19619e-05
-0.0427075 -0.000158801
0.00819871 -0.000198967
0.0541942 -0.000130453
0.0710083 9.25101e-06
0.0487958 0.000143902
-5.10928e-05 0.000200001
-0.0486375 0.000146831
-0.0710606 1.35128e-05
-0.0542546 -0.000127192
-0.00814302 -0.000198479
0.0425239 -0.000161361
0.070106 -3.61665e-05
0.0590718 0.000108771
0.016213 0.000194328
-0.0358843 0.000173743
-0.0681838 5.82813e-05
-0.0631994 -8.89964e-05
-0.0239923 -0.0001877
0.0287387 -0.000183921
0.065349 -7.97021e-05
0.0665766 6.80002e-05
0.0313801 0.000178586
-0.0211395 0.000191656
-0.0617378 0.000100025
-0.0690582 -4.61846e-05
-0.0383233 -0.000167205
0.0131858 -0.000196945
0.0574035 -0.000119114
0.070584 2.37042e-05
0.0447989 0.000153601
-0.00504786 0.000199625
-0.0523834 0.0001366
-0.0711093 -9.85932e-07
-0.0507681 -0.000138054
-0.00310901 -0.000199755
0.0466844 -0.000152371
0.0706525 -2.18087e-05
0.0561683 0.000120654
0.0111401 0.000197244
-0.0403147 0.000166107
-0.0693156 4.42527e-05
-0.0608476 -0.000101744
-0.0189582 -0.000192219
0.0333281 -0.000177736
0.0671437 -6.61891e-05
0.0647133 8.14508e-05
0.0265216 0.000184651
-0.0258657 0.000187
-0.0641816 8.7205e-05
-0.0676459 -6.0166e-05
-0.0337963 -0.000174731
0.0180688 -0.000193882
0.0604288 -0.000107155
0.0696228 3.80385e-05
0.0407244 0.000162488
-0.010114 0.000198196
-0.0558536 0.000125654
-0.0706892 -1.54858e-05
-0.047171 -0.000148184
0.00211 -0.000199984
0.0504701 -0.000142579
0.0708756 -7.33367e-06
0.0530192 0.000131897
0.0058757 0.000199128
-0.0443637 0.000157592
-0.0702291 2.99937e-05
-0.0580995 -0.000113955
-0.0138072 -0.000195732
0.0376378 -0.000170609
0.0687451 -5.23343e-05
0.0623443 9.44769e-05
0.0216374 0.000189743
-0.0304778 0.000181356
-0.0663642 7.39322e-05
-0.06573 -7.38375e-05
-0.0292617 -0.000181333
0.022997 -0.000189799
0.0630692 -9.46351e-05
0.0682658 5.21779e-05
0.0365534 0.000170514
-0.015293 0.00019573
-0.0588738 0.000114044
-0.0699899 -2.99053e-05
-0.0433242 -0.00015753
0.00740732 -0.000199166
0.0538373 -0.00013203
0.0708946 7.17549e-06
0.0494615 0.000142446
0.00062475 0.000199966
-0.0481228 0.000148241
-0.0709095 1.55834e-05
-0.0548756 -0.000125573
-0.00873338 -0.000198212
0.0418332 -0.000162583
0.0699938 -3.82089e-05
0.0595459 0.000107013
0.0167993 0.00019383
-0.0350925 0.000174761
-0.0680881 6.02706e-05
-0.0634883 -8.71246e-05
-0.0246467 -0.000186975
0.027948 -0.000184724
0.0652074 -8.16124e-05
0.0666921 6.60411e-05
0.0321239 0.00017764
-0.0204262 0.000192238
-0.0614616 0.000101829
-0.0690898 -4.4162e-05
-0.0390919 -0.00016605
0.0125666 -0.0001973
0.0569312 -0.000120783
0.0706242 2.16408e-05
0.0454917 0.000152253
-0.00446169 0.000199747
-0.0517534 0.000138111
-0.071177 1.09417e-06
-0.0513063 -0.000136535
-0.003747 -0.000199641
0.0459777 -0.000153707
0.0707215 -2.38801e-05
0.0565198 0.000118987
0.0118849 0.000196892
-0.0396287 0.000167253
-0.0692912 4.62862e-05
-0.061076 -9.99501e-05
-0.0197888 -0.000191632
0.0327235 -0.000178679
0.0669365 -6.81548e-05
0.0649081 7.95507e-05
0.0273558 0.000183835
-0.0253128 0.000187731
-0.0637857 8.9075e-05
-0.067864 -5.81813e-05
-0.0345324 -0.000173702
0.0174932 -0.000194389
0.0598861 -0.000108904
0.0698788 3.5992e-05
0.0412929 0.000161262
-0.00943711 0.00019847
-0.055266 0.000127261
-0.0709021 -1.34051e-05
-0.0475931 -0.000146779
0.00130509 -0.000200017
0.0499284 -0.000144027
0.0709484 -9.41936e-06
0.0533645 0.000130329
0.00675725 0.00019892
-0.0438764 0.000158865
-0.0701119 3.20538e-05
-0.0584498 -0.000112244
-0.0146651 -0.000195286
0.0371607 -0.000171691
0.0684322 -5.43394e-05
0.0627505 9.26388e-05
0.0223763 0.000189069
-0.0299223 0.000182231
-0.0659436 7.58577e-05
-0.0661431 -7.18964e-05
-0.0298541 -0.000180443
0.0222973 -0.00019045
0.0626408 -9.64586e-05
0.068601 5.01598e-05
0.0370363 0.00016942
-0.0144618 0.000196147
-0.0584841 0.000115746
-0.0701628 -2.78401e-05
-0.0437841 -0.000156244
0.00651954 -0.000199344
0.0534843 -0.000133589
0.0708543 5.09344e-06
0.0499746 0.000140981
0.00146344 0.000199906
-0.0477241 0.000149636
-0.0707122 1.7655e-05
-0.055436 -0.000123945
-0.0094516 -0.000197917
0.0413016 -0.000163792
0.0697262 -4.02445e-05
0.0600966 0.000105244
0.0173955 0.000193307
-0.0344001 0.000175767
-0.0678276 6.22475e-05
-0.0639284 -8.524e-05
-0.0251891 -0.000186229
0.0271269 -0.00018551
0.064995 -8.35081e-05
0.0669368 6.40688e-05
0.0326997 0.000176679
-0.0195757 0.000192796
-0.0612368 0.000103618
-0.0691506 -4.21296e-05
-0.039739 -0.000164883
0.0117853 -0.000197627
0.056608 -0.000122442
0.0705566 1.95749e-05
0.0461897 0.000150892
-0.00379009 0.000199842
-0.0512677 0.000139614
-0.0710745 3.16994e-06
-0.0519607 -0.000135001
-0.00434015 -0.000199503
0.0453126 -0.000155031
0.0706584 -2.59425e-05
0.0570284 0.000117301
0.012482 0.000196521
-0.0388609 0.000168381
-0.0692421 4.831e-05
-0.0614017 -9.8139e-05
-0.0204612 -0.000191029
0.0319551 -0.0001796
0.066837 -7.01134e-05
0.0650648 7.76391e-05
0.0281216 0.000183006
-0.0246176 0.000188436
-0.0635473 9.09397e-05
-0.0679412 -5.6192e-05
-0.0353255 -0.000172657
0.0168864 -0.000194871
0.0594481 -0.000110647
0.0699678 3.39474e-05
0.0420118 0.000160016
-0.00885539 0.000198722
-0.0546689 0.000128859
-0.0710189 -1.1329e-05
-0.0481595 -0.000145352
0.000663468 -0.000200033
0.0492539 -0.000145459
0.0710642 -1.15014e-05
0.0537489 0.000128743
0.0075112 0.000198696
-0.0432203 0.000160116
-0.0701311 3.41124e-05
-0.0587165 -0.000110518
-0.0155092 -0.000194824
0.0365823 -0.000172748
0.0682653 -5.63444e-05
0.062989 9.07947e-05
0.023226 0.000188375
-0.0293888 0.000183082
-0.0655868 7.77806e-05
-0.0664081 -6.99539e-05
-0.0306078 -0.000179529
0.0217332 -0.000191082
0.0621372 -9.82734e-05
0.0689041 4.81412e-05
0.0376268 0.000168301
-0.0137897 0.000196548
-0.0579353 0.000117432
-0.0704213 -2.57728e-05
-0.0442337 -0.000154937
0.0057138 -0.000199506
0.0529799 -0.000135127
0.0709703 3.00659e-06
0.0503543 0.000139502
0.00234852 0.000199826
-0.047269 0.00015101
-0.0706371 1.97309e-05
-0.0558263 -0.00012231
-0.0103153 -0.000197599
0.0408502 -0.000164983
0.069456 -4.22798e-05
0.0605457 0.00010347
0.0181441 0.000192757
-0.0338634 0.000176757
-0.0674508 6.42174e-05
-0.0643851 -8.33498e-05
-0.025796 -0.000185458
0.0264395 -0.000186283
0.0646111 -8.53897e-05
0.0673144 6.20879e-05
0.0332046 0.000175697
-0.0187534 0.000193339
-0.0608892 0.000105391
-0.0693652 -4.00873e-05
-0.040228 -0.000163701
0.0109038 -0.000197934
0.0562925 -0.000124084
0.070559 1.75012e-05
0.0467372 0.000149522
-0.0029547 0.000199911
-0.0509003 0.000141103
-0.070922 5.24796e-06
-0.0525588 -0.000133457
-0.00505894 -0.000199338
0.0448058 -0.000156343
0.0704382 -2.79992e-05
0.0576171 0.000115605
0.0130859 0.000196125
-0.0381892 0.000169498
-0.0690294 5.03225e-05
-0.0618799 -9.63139e-05
-0.021019 -0.000190406
0.0311517 -0.000180504
0.0666703 -7.20587e-05
0.0653488 7.57129e-05
0.0287198 0.000182162
-0.0237828 0.000189118
-0.0633636 9.27925e-05
-0.0680438 -5.41917e-05
-0.0360005 -0.000171599
0.0161181 -0.000195325
0.0591602 -0.000112381
0.069946 3.18991e-05
0.0427398 0.000158756
-0.00819085 0.000198946
-0.0542143 0.000130448
-0.0709651 -9.25607e-06
-0.0488452 -0.000143908
7.02934e-05 -0.000200024
0.0486167 -0.00014688
0.0710506 -1.35758e-05
0.0542903 0.000127138
0.00811639 0.000198453
-0.042479 0.000161351
-0.0701293 3.61627e-05
-0.0590774 -0.000108775
-0.0161969 -0.000194346
0.0358389 -0.000173783
0.0682088 -5.83437e-05
0.0631859 8.89378e-05
0.024011 0.000187665
-0.0287144 0.000183906
-0.0653874 7.96997e-05
-0.0665302 -6.80056e-05
-0.0314229 -0.000178597
0.0211416 -0.000191688
0.061735 -0.000100084
0.0690414 4.61233e-05
0.0383694 0.000167161
-0.0132152 0.000196928
-0.057373 0.000119108
-0.0705872 -2.37088e-05
-0.0448262 -0.000153607
0.00507134 -0.000199651
0.0523398 -0.00013665
0.071133 9.21893e-07
0.0507699 0.000138003
0.0031088 0.000199731
-0.0466453 0.000152361
-0.0707002 2.18067e-05
-0.0561298 -0.00012066
-0.0111699 -0.000197263
0.0403004 -0.00016615
0.0693301 -4.43165e-05
0.0608266 0.000101688
0.0190065 0.000192186
-0.0333517 0.000177724
-0.0671342 6.6186e-05
-0.0646961 -8.14569e-05
-0.0265647 -0.000184662
0.0258894 -0.000187037
0.064148 -8.72635e-05
0.0676638 6.0105e-05
0.0338148 0.00017469
-0.0180888 0.000193867
-0.0603809 0.000107148
-0.0696688 -3.80414e-05
-0.040703 -0.000162497
0.0101001 -0.000198225
0.0558273 -0.000125706
0.070718 1.54212e-05
0.0471493 0.000148137
-0.00206902 0.000199961
-0.0504796 0.000142571
-0.0708892 7.33154e-06
-0.0529875 -0.000131905
-0.00592558 -0.000199147
0.0443821 -0.000157638
0.0702112 -3.00569e-05
0.0581075 0.000113901
0.0138414 0.000195701
-0.0376736 0.0001706
-0.0686974 5.23292e-05
-0.0623789 -9.44818e-05
-0.0216378 -0.000189757
0.0304792 -0.000181395
0.066332 -7.3991e-05
0.0657678 7.37766e-05
0.0292442 0.000181296
-0.0229721 0.000189785
-0.0630596 9.46287e-05
-0.0682995 -5.21802e-05
-0.0365164 -0.000170526
0.0152458 -0.000195759
0.0588838 -0.000114099
0.0699908 2.98417e-05
0.0433195 0.000157485
-0.00736167 0.000199144
-0.05388 0.000132025
-0.0708574 -7.17968e-06
-0.0494789 -0.000142454
-0.000646225 -0.000199988
0.0481366 -0.00014829
0.0708781 -1.56457e-05
0.0549152 0.000125519
0.00872522 0.000198184
-0.0418303 0.000162574
-0.069965 3.8203e-05
-0.0595922 -0.000107017
-0.0167673 -0.000193848
