0 0
7.54733e-15 -8.30287e-12
2.04463e-14 -1.66057e-11
3.18393e-15 -2.49086e-11
-2.60258e-14 -3.32115e-11
-9.21523e-14 -4.15142e-11
-1.23138e-13 -4.98171e-11
-1.05457e-13 -5.812e-11
-7.56846e-14 -6.64229e-11
-4.54594e-15 -7.47258e-11
-4.81547e-14 -8.30287e-11
-1.25788e-13 -9.13314e-11
-2.67419e-13 -9.9634e-11
-4.16469e-13 -1.07936e-10
-4.09849e-13 -1.16239e-10
-3.93001e-13 -1.24542e-10
-2.5523e-13 -1.32846e-10
-2.18546e-13 -1.41148e-10
-3.23226e-13 -1.49451e-10
-4.76594e-13 -1.57754e-10
-7.78784e-13 -1.66055e-10
-8.79486e-13 -1.74358e-10
-8.98084e-13 -1.8266e-10
-7.8421e-13 -1.90964e-10
-5.89051e-13 -1.99267e-10
-6.59777e-13 -2.0757e-10
-7.68428e-13 -2.15873e-10
-1.13869e-12 -2.24174e-10
-1.44891e-12 -2.32475e-10
-1.53349e-12 -2.40777e-10
-1.54886e-12 -2.4908e-10
-1.24832e-12 -2.57385e-10
-1.18111e-12 -2.65688e-10
-1.22972e-12 -2.7399e-10
-1.5099e-12 -2.82292e-10
-2.03537e-12 -2.90591e-10
-2.25593e-12 -2.98893e-10
-2.43767e-12 -3.07194e-10
-2.2211e-12 -3.15499e-10
-1.94541e-12 -3.23804e-10
-1.92934e-12 -3.32106e-10
-2.00035e-12 -3.40409e-10
-2.5914e-12 -3.48708e-10
-3.02824e-12 -3.57007e-10
-3.34829e-12 -3.65307e-10
-3.417e-12 -3.7361e-10
-3.01098e-12 -3.81916e-10
-2.88971e-12 -3.9022e-10
-2.75667e-12 -3.98523e-10
-3.16075e-12 -4.06823e-10
-3.8143e-12 -4.15121e-10
-4.2428e-12 -4.23419e-10
-4.66433e-12 -4.31718e-10
-4.38006e-12 -4.40024e-10
-4.10507e-12 -4.48329e-10
-3.87502e-12 -4.56634e-10
-3.89053e-12 -4.64937e-10
-4.60336e-12 -4.73233e-10
-5.14401e-12 -4.81531e-10
-5.81539e-12 -4.89826e-10
-5.9428e-12 -4.98127e-10
-5.56998e-12 -5.06435e-10
-5.34239e-12 -5.1474e-10
-4.97272e-12 -5.23046e-10
-5.45152e-12 -5.31344e-10
-6.10037e-12 -5.3964e-10
-6.83685e-12 -5.47934e-10
-7.49966e-12 -5.56229e-10
-7.26168e-12 -5.64535e-10
-7.05961e-12 -5.7284e-10
-6.53117e-12 -5.81149e-10
-6.50374e-12 -5.89452e-10
-7.16242e-12 -5.97748e-10
-7.82074e-12 -6.06042e-10
-8.87284e-12 -6.14331e-10
-9.08653e-12 -6.22631e-10
-8.92146e-12 -6.30936e-10
-8.5261e-12 -6.39244e-10
-7.95654e-12 -6.47555e-10
-8.39001e-12 -6.55852e-10
-8.92397e-12 -6.64148e-10
-1.00254e-11 -6.72435e-10
-1.08718e-11 -6.80725e-10
-1.08635e-11 -6.89028e-10
-1.07642e-11 -6.97332e-10
-9.94786e-12 -7.05647e-10
-9.87975e-12 -7.13951e-10
-1.02865e-11 -7.22248e-10
-1.11004e-11 -7.30539e-10
-1.24493e-11 -7.3882e-10
-1.28321e-11 -7.47117e-10
-1.30206e-11 -7.55416e-10
-1.24318e-11 -7.63729e-10
-1.17708e-11 -7.72043e-10
-1.19812e-11 -7.80342e-10
-1.23556e-11 -7.88639e-10
-1.37793e-11 -7.96918e-10
-1.47402e-11 -8.05204e-10
-1.51646e-11 -8.13499e-10
-1.51542e-11 -8.21803e-10
-1.41775e-11 -8.30123e-10
-1.40263e-11 -8.38428e-10
-1.40344e-11 -8.46731e-10
-1.50191e-11 -8.55017e-10
-1.649e-11 -8.63292e-10
-1.71815e-11 -8.71582e-10
-1.77854e-11 -8.79873e-10
-1.70626e-11 -8.8819e-10
-1.64398e-11 -8.96505e-10
-1.62447e-11 -9.04811e-10
-1.64829e-11 -9.1311e-10
-1.80613e-11 -9.21383e-10
-1.91092e-11 -9.29664e-10
-2.0113e-11 -9.37946e-10
-2.01683e-11 -9.46248e-10
-1.92532e-11 -9.5457e-10
-1.89275e-11 -9.6288e-10
-1.84983e-11 -9.71191e-10
-1.95918e-11 -9.79472e-10
-2.09837e-11 -9.87746e-10
-2.21373e-11 -9.96024e-10
-2.31164e-11 -1.0043e-09
-2.24303e-11 -1.01262e-09
-2.19395e-11 -1.02094e-09
-2.12263e-11 -1.02925e-09
-2.13808e-11 -1.03755e-09
-2.28495e-11 -1.04583e-09
-2.4022e-11 -1.0541e-09
-2.56267e-11 -1.06237e-09
-2.57682e-11 -1.07067e-09
-2.5167e-11 -1.07898e-09
-2.45618e-11 -1.0873e-09
-2.37796e-11 -1.09562e-09
-2.48137e-11 -1.1039e-09
-2.59762e-11 -1.11218e-09
-2.76838e-11 -1.12044e-09
-2.89265e-11 -1.12871e-09
-2.85407e-11 -1.13702e-09
-2.82052e-11 -1.14534e-09
-2.69947e-11 -1.15367e-09
-2.70884e-11 -1.16197e-09
-2.81626e-11 -1.17024e-09
-2.95376e-11 -1.17851e-09
-3.16117e-11 -1.18676e-09
-3.19458e-11 -1.19506e-09
-3.18596e-11 -1.20336e-09
-3.09197e-11 -1.21169e-09
-2.99568e-11 -1.22002e-09
-3.06784e-11 -1.2283e-09
-3.15625e-11 -1.23658e-09
-3.37794e-11 -1.24483e-09
-3.51698e-11 -1.25309e-09
-3.53735e-11 -1.26139e-09
-3.51526e-11 -1.2697e-09
-3.3623e-11 -1.27804e-09
-3.36038e-11 -1.28635e-09
-3.40737e-11 -1.29464e-09
-3.5702e-11 -1.30289e-09
-3.79938e-11 -1.31113e-09
-3.87136e-11 -1.31941e-09
-3.92257e-11 -1.3277e-09
-3.8012e-11 -1.33604e-09
-3.70584e-11 -1.34437e-09
-3.72019e-11 -1.35267e-09
-3.78573e-11 -1.36095e-09
-4.03684e-11 -1.36918e-09
-4.1856e-11 -1.37744e-09
-4.28674e-11 -1.38572e-09
-4.2706e-11 -1.39402e-09
-4.11603e-11 -1.40237e-09
-4.08976e-11 -1.41068e-09
-4.07009e-11 -1.41899e-09
-4.25293e-11 -1.42724e-09
-4.47524e-11 -1.43548e-09
-4.60828e-11 -1.44374e-09
-4.71383e-11 -1.45201e-09
-4.58626e-11 -1.46035e-09
-4.50526e-11 -1.46868e-09
-4.44381e-11 -1.477e-09
-4.49573e-11 -1.48529e-09
-4.74105e-11 -1.49351e-09
-4.90436e-11 -1.50176e-09
-5.092e-11 -1.51e-09
-5.08202e-11 -1.51831e-09
-4.96047e-11 -1.52665e-09
-4.89371e-11 -1.53498e-09
-4.81772e-11 -1.5433e-09
-5.00046e-11 -1.55155e-09
-5.19391e-11 -1.55979e-09
-5.40393e-11 -1.56802e-09
-5.54843e-11 -1.57627e-09
-5.44892e-11 -1.58461e-09
-5.38574e-11 -1.59294e-09
-5.24758e-11 -1.60128e-09
-5.29126e-11 -1.60957e-09
-5.49148e-11 -1.61781e-09
-5.68111e-11 -1.62605e-09
-5.94091e-11 -1.63426e-09
-5.94883e-11 -1.64256e-09
-5.88895e-11 -1.65088e-09
-5.77087e-11 -1.65923e-09
-5.66093e-11 -1.66757e-09
-5.81071e-11 -1.67582e-09
-5.96694e-11 -1.68406e-09
-6.25318e-11 -1.69226e-09
-6.41991e-11 -1.7005e-09
-6.3878e-11 -1.70882e-09
-6.33668e-11 -1.71714e-09
-6.14149e-11 -1.72552e-09
-6.17195e-11 -1.73381e-09
-6.29602e-11 -1.74207e-09
-6.52213e-11 -1.75029e-09
-6.82308e-11 -1.75847e-09
-6.87309e-11 -1.76676e-09
-6.8889e-11 -1.77505e-09
-6.72285e-11 -1.78342e-09
-6.60438e-11 -1.79177e-09
-6.68434e-11 -1.80004e-09
-6.80886e-11 -1.8083e-09
-7.14847e-11 -1.81647e-09
-7.32866e-11 -1.8247e-09
-7.39631e-11 -1.83298e-09
-7.34847e-11 -1.8413e-09
-7.13311e-11 -1.84969e-09
-7.13377e-11 -1.85799e-09
-7.16882e-11 -1.86628e-09
-7.42949e-11 -1.87448e-09
-7.73411e-11 -1.88266e-09
-7.85689e-11 -1.89091e-09
-7.94459e-11 -1.89918e-09
-7.75337e-11 -1.90756e-09
-7.64521e-11 -1.91591e-09
-7.62698e-11 -1.92422e-09
-7.73249e-11 -1.93248e-09
-8.08321e-11 -1.94064e-09
-8.28126e-11 -1.94886e-09
-8.46246e-11 -1.95708e-09
-8.41517e-11 -1.9654e-09
-8.22401e-11 -1.97379e-09
-8.17216e-11 -1.98211e-09
-8.12678e-11 -1.99043e-09
-8.40109e-11 -1.99862e-09
-8.67832e-11 -2.00681e-09
-8.89931e-11 -2.01501e-09
-9.04131e-11 -2.02325e-09
-8.8658e-11 -2.03163e-09
-8.7741e-11 -2.03998e-09
-8.64935e-11 -2.04833e-09
-8.74513e-11 -2.05659e-09
-9.05621e-11 -2.06476e-09
-9.28737e-11 -2.07296e-09
-9.57101e-11 -2.08114e-09
-9.53563e-11 -2.08946e-09
-9.40785e-11 -2.09782e-09
-9.28503e-11 -2.10618e-09
-9.18455e-11 -2.11452e-09
-9.43333e-11 -2.12272e-09
-9.6684e-11 -2.13091e-09
-9.99469e-11 -2.13907e-09
-1.01696e-10 -2.14729e-09
-1.006e-10 -2.15564e-09
-9.9784e-11 -2.16398e-09
-9.76454e-11 -2.17238e-09
-9.84722e-11 -2.18065e-09
-1.00747e-10 -2.18885e-09
-1.03553e-10 -2.19702e-09
-1.07078e-10 -2.20515e-09
-1.07123e-10 -2.21345e-09
-1.06707e-10 -2.22178e-09
-1.04743e-10 -2.23017e-09
-1.035e-10 -2.23853e-09
-1.05252e-10 -2.24675e-09
-1.07218e-10 -2.25496e-09
-1.11335e-10 -2.26307e-09
-1.13279e-10 -2.27127e-09
-1.13297e-10 -2.27958e-09
-1.12462e-10 -2.28792e-09
-1.09837e-10 -2.29635e-09
-1.10342e-10 -2.30463e-09
-1.11544e-10 -2.31287e-09
-1.14886e-10 -2.32101e-09
-1.18647e-10 -2.32913e-09
-1.19481e-10 -2.33739e-09
-1.19939e-10 -2.34567e-09
-1.1745e-10 -2.3541e-09
-1.16219e-10 -2.36246e-09
-1.1682e-10 -2.37073e-09
-1.1855e-10 -2.37895e-09
-1.23062e-10 -2.38702e-09
-1.25225e-10 -2.39522e-09
-1.26616e-10 -2.40345e-09
-1.25695e-10 -2.4118e-09
-1.23115e-10 -2.42023e-09
-1.23001e-10 -2.42854e-09
-1.23158e-10 -2.43684e-09
-1.2685e-10 -2.44495e-09
-1.30436e-10 -2.45306e-09
-1.3243e-10 -2.46126e-09
-1.3359e-10 -2.4695e-09
-1.31026e-10 -2.47794e-09
-1.29909e-10 -2.4863e-09
-1.29155e-10 -2.49464e-09
-1.30787e-10 -2.50286e-09
-1.35082e-10 -2.51094e-09
-1.37644e-10 -2.5191e-09
-1.40376e-10 -2.52725e-09
-1.39462e-10 -2.53561e-09
-1.37432e-10 -2.54402e-09
-1.36419e-10 -2.55238e-09
-1.35782e-10 -2.56072e-09
-1.39394e-10 -2.56882e-09
-1.42571e-10 -2.57695e-09
-1.45912e-10 -2.58507e-09
-1.47525e-10 -2.59328e-09
-1.45489e-10 -2.6017e-09
-1.44426e-10 -2.61006e-09
-1.42422e-10 -2.61847e-09
-1.43952e-10 -2.62669e-09
-1.47448e-10 -2.6348e-09
-1.50639e-10 -2.64292e-09
-1.54392e-10 -2.65101e-09
-1.53786e-10 -2.65935e-09
-1.52645e-10 -2.66772e-09
-1.50614e-10 -2.67614e-09
-1.49542e-10 -2.6845e-09
-1.52489e-10 -2.69264e-09
-1.55245e-10 -2.70078e-09
-1.59814e-10 -2.70882e-09
-1.61698e-10 -2.71701e-09
-1.60787e-10 -2.72537e-09
-1.59628e-10 -2.73374e-09
-1.56774e-10 -2.74221e-09
-1.58003e-10 -2.75044e-09
-1.6032e-10 -2.75861e-09
-1.64263e-10 -2.76668e-09
-1.68536e-10 -2.77472e-09
-1.68705e-10 -2.78302e-09
-1.68546e-10 -2.79133e-09
-1.65651e-10 -2.79981e-09
-1.64455e-10 -2.80818e-09
-1.6617e-10 -2.81638e-09
-1.68664e-10 -2.82453e-09
-1.74009e-10 -2.83251e-09
-1.76156e-10 -2.84068e-09
-1.76783e-10 -2.84895e-09
-1.75412e-10 -2.85734e-09
-1.72302e-10 -2.86583e-09
-1.72867e-10 -2.8741e-09
-1.73931e-10 -2.88234e-09
-1.78503e-10 -2.89036e-09
-1.82788e-10 -2.89839e-09
-1.84228e-10 -2.90661e-09
-1.84911e-10 -2.91487e-09
-1.81607e-10 -2.92338e-09
-1.8044e-10 -2.93175e-09
-1.80562e-10 -2.94005e-09
-1.82975e-10 -2.9482e-09
-1.8841e-10 -2.95616e-09
-1.91011e-10 -2.9643e-09
-1.93271e-10 -2.97246e-09
-1.91742e-10 -2.98086e-09
-1.8899e-10 -2.98934e-09
-1.88502e-10 -2.99767e-09
-1.88525e-10 -3.00597e-09
-1.93294e-10 -3.01397e-09
-1.97251e-10 -3.02202e-09
-2.00299e-10 -3.03012e-09
-2.01561e-10 -3.03834e-09
-1.98528e-10 -3.04684e-09
-1.97345e-10 -3.05522e-09
-1.95857e-10 -3.06362e-09
-1.98233e-10 -3.07177e-09
-2.03034e-10 -3.07976e-09
-2.06386e-10 -3.08784e-09
-2.10024e-10 -3.0959e-09
-2.08636e-10 -3.1043e-09
-2.06708e-10 -3.11273e-09
-2.04921e-10 -3.12115e-09
-2.04283e-10 -3.12949e-09
-2.08581e-10 -3.13751e-09
-2.1213e-10 -3.14558e-09
-2.16795e-10 -3.15356e-09
-2.18406e-10 -3.16175e-09
-2.16382e-10 -3.1702e-09
-2.15006e-10 -3.17859e-09
-2.12255e-10 -3.18708e-09
-2.14403e-10 -3.19524e-09
-2.18025e-10 -3.2033e-09
-2.22356e-10 -3.2113e-09
-2.26857e-10 -3.21929e-09
-2.26138e-10 -3.22764e-09
-2.25231e-10 -3.23601e-09
-2.22201e-10 -3.24452e-09
-2.21272e-10 -3.25289e-09
-2.24377e-10 -3.26098e-09
-2.27662e-10 -3.26905e-09
-2.33554e-10 -3.27694e-09
-2.35466e-10 -3.28511e-09
-2.3504e-10 -3.29344e-09
-2.33298e-10 -3.30187e-09
-2.29902e-10 -3.31041e-09
-2.3141e-10 -3.31861e-09
-2.33636e-10 -3.32675e-09
-2.38916e-10 -3.33468e-09
-2.43696e-10 -3.34264e-09
-2.44267e-10 -3.3509e-09
-2.44303e-10 -3.3592e-09
-2.40444e-10 -3.36778e-09
-2.39434e-10 -3.37616e-09
-2.40798e-10 -3.38436e-09
-2.44039e-10 -3.39243e-09
-2.50443e-10 -3.40027e-09
-2.52845e-10 -3.4084e-09
-2.54278e-10 -3.41659e-09
-2.52162e-10 -3.42505e-09
-2.4883e-10 -3.4336e-09
-2.49194e-10 -3.44188e-09
-2.50155e-10 -3.45011e-09
-2.55999e-10 -3.45798e-09
-2.60608e-10 -3.46594e-09
-2.62976e-10 -3.47407e-09
-2.63697e-10 -3.48232e-09
-2.59732e-10 -3.49092e-09
-2.58621e-10 -3.4993e-09
-2.58055e-10 -3.50764e-09
-2.61358e-10 -3.5157e-09
-2.67429e-10 -3.52355e-09
-2.70677e-10 -3.5316e-09
-2.73829e-10 -3.53967e-09
-2.71611e-10 -3.54814e-09
-2.68935e-10 -3.55665e-09
-2.67759e-10 -3.56504e-09
-2.67828e-10 -3.57333e-09
-2.7352e-10 -3.58121e-09
-2.77788e-10 -3.58918e-09
-2.82134e-10 -3.59715e-09
-2.83274e-10 -3.60536e-09
-2.80065e-10 -3.61391e-09
-2.78653e-10 -3.62233e-09
-2.76397e-10 -3.6308e-09
-2.79606e-10 -3.63886e-09
-2.84625e-10 -3.64677e-09
-2.89058e-10 -3.65473e-09
-2.9345e-10 -3.66268e-09
-2.91693e-10 -3.67112e-09
-2.89995e-10 -3.67956e-09
-2.87188e-10 -3.68808e-09
-2.86781e-10 -3.69642e-09
-2.91462e-10 -3.70435e-09
-2.95493e-10 -3.71234e-09
-3.01552e-10 -3.72015e-09
-3.03014e-10 -3.72834e-09
-3.01331e-10 -3.73678e-09
-2.99379e-10 -3.74524e-09
-2.96031e-10 -3.75381e-09
-2.98706e-10 -3.7619e-09
-3.02279e-10 -3.76991e-09
-3.08003e-10 -3.77775e-09
-3.13001e-10 -3.78565e-09
-3.1244e-10 -3.794e-09
-3.11726e-10 -3.80236e-09
-3.07612e-10 -3.811e-09
-3.07e-10 -3.81935e-09
-3.09917e-10 -3.82741e-09
-3.13963e-10 -3.83539e-09
-3.21045e-10 -3.84311e-09
-3.23002e-10 -3.85125e-09
-3.23302e-10 -3.85952e-09
-3.20721e-10 -3.86804e-09
-3.17053e-10 -3.87665e-09
-3.18581e-10 -3.88482e-09
-3.2072e-10 -3.89295e-09
-3.27439e-10 -3.90069e-09
-3.32494e-10 -3.90857e-09
-3.33816e-10 -3.91676e-09
-3.33856e-10 -3.92506e-09
-3.29152e-10 -3.93376e-09
-3.28351e-10 -3.94213e-09
-3.29103e-10 -3.95037e-09
-3.33341e-10 -3.95832e-09
-3.4052e-10 -3.96601e-09
-3.43373e-10 -3.97407e-09
-3.45678e-10 -3.98217e-09
-3.42683e-10 -3.99073e-09
-3.39403e-10 -3.99932e-09
-3.39222e-10 -4.00763e-09
-3.40255e-10 -4.01585e-09
-3.47261e-10 -4.02355e-09
-3.52095e-10 -4.03143e-09
-3.55689e-10 -4.03942e-09
-3.56194e-10 -4.04768e-09
-3.51854e-10 -4.05636e-09
-3.50646e-10 -4.06477e-09
-3.4931e-10 -4.07319e-09
-3.53646e-10 -4.08112e-09
-3.60037e-10 -4.08886e-09
-3.64243e-10 -4.09679e-09
-3.68159e-10 -4.10475e-09
-3.65314e-10 -4.1133e-09
-3.62878e-10 -4.12182e-09
-3.60711e-10 -4.13031e-09
-3.61082e-10 -4.13858e-09
-3.67407e-10 -4.14633e-09
-3.72069e-10 -4.15422e-09
-3.77847e-10 -4.162e-09
-3.78671e-10 -4.17023e-09
-3.75637e-10 -4.17881e-09
-3.73713e-10 -4.18728e-09
-3.70812e-10 -4.19584e-09
-3.74807e-10 -4.20379e-09
-3.79823e-10 -4.21164e-09
-3.85645e-10 -4.21942e-09
-3.90532e-10 -4.22727e-09
-3.88661e-10 -4.23575e-09
-3.8718e-10 -4.24419e-09
-3.83206e-10 -4.25285e-09
-3.83245e-10 -4.26115e-09
-3.87937e-10 -4.26902e-09
-3.92691e-10 -4.27689e-09
-4.00057e-10 -4.28451e-09
-4.0134e-10 -4.2927e-09
-4.00282e-10 -4.3011e-09
-3.97453e-10 -4.30967e-09
-3.93779e-10 -4.31831e-09
-3.96735e-10 -4.32634e-09
-4.00225e-10 -4.33432e-09
-4.07512e-10 -4.34194e-09
-4.12739e-10 -4.34975e-09
-4.12706e-10 -4.35806e-09
-4.11999e-10 -4.36643e-09
-4.06871e-10 -4.37521e-09
-4.0664e-10 -4.38354e-09
-4.09057e-10 -4.39161e-09
-4.14155e-10 -4.39944e-09
-4.22157e-10 -4.40698e-09
-4.24329e-10 -4.41508e-09
-4.25469e-10 -4.42327e-09
-4.21856e-10 -4.43192e-09
-4.18215e-10 -4.44057e-09
-4.19398e-10 -4.44876e-09
-4.21609e-10 -4.45685e-09
-4.29716e-10 -4.46438e-09
-4.34898e-10 -4.47218e-09
-4.37321e-10 -4.48025e-09
-4.37089e-10 -4.48858e-09
-4.31806e-10 -4.49739e-09
-4.31083e-10 -4.50576e-09
-4.31085e-10 -4.51406e-09
-4.36522e-10 -4.52184e-09
-4.44136e-10 -4.52941e-09
-4.47765e-10 -4.53735e-09
-4.50846e-10 -4.54535e-09
-4.46976e-10 -4.55404e-09
-4.43955e-10 -4.56263e-09
-4.42873e-10 -4.57104e-09
-4.4425e-10 -4.57921e-09
-4.52153e-10 -4.58674e-09
-4.5726e-10 -4.59454e-09
-4.62281e-10 -4.60234e-09
-4.62328e-10 -4.61064e-09
-4.57979e-10 -4.61937e-09
-4.56383e-10 -4.62783e-09
-4.54358e-10 -4.63634e-09
-4.59738e-10 -4.64411e-09
-4.66179e-10 -4.65177e-09
-4.71701e-10 -4.65952e-09
-4.76124e-10 -4.66737e-09
-4.72876e-10 -4.676e-09
-4.70704e-10 -4.68453e-09
-4.67334e-10 -4.69317e-09
-4.68262e-10 -4.70137e-09
-4.74833e-10 -4.70902e-09
-4.80125e-10 -4.71679e-09
-4.87306e-10 -4.72435e-09
-4.87727e-10 -4.73261e-09
-4.85198e-10 -4.74118e-09
-4.8242e-10 -4.74976e-09
-4.79132e-10 -4.7584e-09
-4.83701e-10 -4.76624e-09
-4.88629e-10 -4.77404e-09
-4.96082e-10 -4.78157e-09
-5.01166e-10 -4.78935e-09
-4.99558e-10 -4.79782e-09
-4.98122e-10 -4.80627e-09
-4.92992e-10 -4.8151e-09
-4.93591e-10 -4.82334e-09
-4.97934e-10 -4.8312e-09
-5.03734e-10 -4.8389e-09
-5.12164e-10 -4.84632e-09
-5.13398e-10 -4.85449e-09
-5.13136e-10 -4.86282e-09
-5.0917e-10 -4.87154e-09
-5.05492e-10 -4.88023e-09
-5.08357e-10 -4.88823e-09
-5.11894e-10 -4.89617e-09
-5.20764e-10 -4.90353e-09
-5.26021e-10 -4.91128e-09
-5.26912e-10 -4.91949e-09
-5.25915e-10 -4.9279e-09
-5.20009e-10 -4.93682e-09
-5.20065e-10 -4.94512e-09
-5.2178e-10 -4.95324e-09
-5.28196e-10 -4.96086e-09
-5.36762e-10 -4.96825e-09
-5.3947e-10 -4.97626e-09
-5.414e-10 -4.98435e-09
-5.36691e-10 -4.99317e-09
-5.33328e-10 -5.00183e-09
-5.33764e-10 -5.01008e-09
-5.36327e-10 -5.01811e-09
-5.45598e-10 -5.02542e-09
-5.50907e-10 -5.03314e-09
-5.54703e-10 -5.04103e-09
-5.53904e-10 -5.04942e-09
-5.48417e-10 -5.05832e-09
-5.47484e-10 -5.06673e-09
-5.46766e-10 -5.0751e-09
-5.53484e-10 -5.08268e-09
-5.61216e-10 -5.09013e-09
-5.66017e-10 -5.09791e-09
-5.6963e-10 -5.10581e-09
-5.65063e-10 -5.11462e-09
-5.6237e-10 -5.12322e-09
-5.60104e-10 -5.13177e-09
-5.62123e-10 -5.13985e-09
-5.70536e-10 -5.14723e-09
-5.76131e-10 -5.15491e-09
-5.82619e-10 -5.16248e-09
-5.82055e-10 -5.17085e-09
-5.78069e-10 -5.1796e-09
-5.75706e-10 -5.18816e-09
-5.73232e-10 -5.19674e-09
-5.79493e-10 -5.20435e-09
-5.85841e-10 -5.21194e-09
-5.92995e-10 -5.21944e-09
-5.97601e-10 -5.22721e-09
-5.94318e-10 -5.23589e-09
-5.92263e-10 -5.24443e-09
-5.8763e-10 -5.25325e-09
-5.89292e-10 -5.26137e-09
-5.95703e-10 -5.26895e-09
-6.01971e-10 -5.27654e-09
-6.10353e-10 -5.28388e-09
-6.10447e-10 -5.29217e-09
-6.08652e-10 -5.30068e-09
-6.04693e-10 -5.30944e-09
-6.0136e-10 -5.31812e-09
-6.06139e-10 -5.32588e-09
-6.11067e-10 -5.33362e-09
-6.20254e-10 -5.34086e-09
-6.25279e-10 -5.34858e-09
-6.24368e-10 -5.35699e-09
-6.2267e-10 -5.36549e-09
-6.16574e-10 -5.3745e-09
-6.17692e-10 -5.38267e-09
-6.21414e-10 -5.39054e-09
-6.2859e-10 -5.39801e-09
-6.37726e-10 -5.40525e-09
-6.3921e-10 -5.41338e-09
-6.39747e-10 -5.42162e-09
-6.34503e-10 -5.43054e-09
-6.31119e-10 -5.43923e-09
-6.33453e-10 -5.44726e-09
-6.37314e-10 -5.45511e-09
-6.47605e-10 -5.46221e-09
-6.52829e-10 -5.46989e-09
-6.54986e-10 -5.47793e-09
-6.53359e-10 -5.48643e-09
-6.47042e-10 -5.49548e-09
-6.47119e-10 -5.50378e-09
-6.48098e-10 -5.51196e-09
-6.55995e-10 -5.51933e-09
-6.64763e-10 -5.52659e-09
-6.6843e-10 -5.53445e-09
-6.70929e-10 -5.54245e-09
-6.65239e-10 -5.55144e-09
-6.6228e-10 -5.56009e-09
-6.61613e-10 -5.56848e-09
-6.64866e-10 -5.57639e-09
-6.74929e-10 -5.58348e-09
-6.80543e-10 -5.59111e-09
-6.85831e-10 -5.59877e-09
-6.84242e-10 -5.60726e-09
-6.78956e-10 -5.61621e-09
-6.77413e-10 -5.6247e-09
-6.76179e-10 -5.63315e-09
-6.84084e-10 -5.6405e-09
-6.91723e-10 -5.64787e-09
-6.98083e-10 -5.65539e-09
-7.01886e-10 -5.66322e-09
-6.96966e-10 -5.67213e-09
-6.94493e-10 -5.68074e-09
-6.90904e-10 -5.68948e-09
-6.93809e-10 -5.69743e-09
-7.02288e-10 -5.70469e-09
-7.08726e-10 -5.7122e-09
-7.16535e-10 -5.71953e-09
-7.15366e-10 -5.72798e-09
-7.12036e-10 -5.7367e-09
-7.08516e-10 -5.74543e-09
-7.05943e-10 -5.75405e-09
-7.12747e-10 -5.76152e-09
-7.19035e-10 -5.76904e-09
-7.28015e-10 -5.77622e-09
-7.32491e-10 -5.78395e-09
-7.29632e-10 -5.79262e-09
-7.27391e-10 -5.8012e-09
-7.21626e-10 -5.81023e-09
-7.24046e-10 -5.81823e-09
-7.29955e-10 -5.82579e-09
-7.37587e-10 -5.83313e-09
-7.46823e-10 -5.84026e-09
-7.46849e-10 -5.84856e-09
-7.45854e-10 -5.85699e-09
-7.4049e-10 -5.86598e-09
-7.37456e-10 -5.87466e-09
-7.41978e-10 -5.88239e-09
-7.47166e-10 -5.89004e-09
-7.58002e-10 -5.89696e-09
-7.62836e-10 -5.90464e-09
-7.63028e-10 -5.91292e-09
-7.60689e-10 -5.92152e-09
-7.53975e-10 -5.93068e-09
-7.55382e-10 -5.93881e-09
-7.58375e-10 -5.94673e-09
-7.67177e-10 -5.9539e-09
-7.76618e-10 -5.96098e-09
-7.78787e-10 -5.969e-09
-7.79939e-10 -5.97716e-09
-7.73458e-10 -5.9863e-09
-7.70555e-10 -5.99498e-09
-7.71933e-10 -6.0031e-09
-7.76488e-10 -6.01082e-09
-7.87859e-10 -6.01764e-09
-7.93176e-10 -6.02525e-09
-7.96801e-10 -6.03307e-09
-7.94249e-10 -6.04171e-09
-7.87955e-10 -6.05084e-09
-7.87641e-10 -6.05918e-09
-7.88041e-10 -6.06743e-09
-7.97407e-10 -6.07451e-09
-8.06098e-10 -6.08167e-09
-8.11174e-10 -6.0893e-09
-8.13893e-10 -6.09724e-09
-8.07526e-10 -6.10639e-09
-8.04914e-10 -6.11503e-09
-8.02917e-10 -6.1236e-09
-8.07172e-10 -6.13134e-09
-8.17562e-10 -6.13827e-09
-8.23826e-10 -6.14573e-09
-8.3053e-10 -6.15314e-09
-8.28078e-10 -6.16177e-09
-8.23346e-10 -6.17071e-09
-8.20745e-10 -6.17936e-09
-8.19344e-10 -6.18784e-09
-8.28144e-10 -6.19497e-09
-8.35655e-10 -6.20227e-09
-8.43863e-10 -6.20946e-09
-8.47492e-10 -6.21727e-09
-8.42688e-10 -6.22623e-09
-8.40148e-10 -6.23487e-09
-8.35291e-10 -6.24383e-09
-8.39184e-10 -6.25161e-09
-8.47322e-10 -6.25881e-09
-8.55036e-10 -6.26607e-09
-8.63847e-10 -6.27316e-09
-8.62277e-10 -6.28168e-09
-8.59736e-10 -6.29034e-09
-8.5475e-10 -6.29932e-09
-8.52463e-10 -6.30793e-09
-8.59336e-10 -6.3153e-09
-8.65787e-10 -6.32272e-09
-8.76601e-10 -6.32953e-09
-8.80739e-10 -6.33726e-09
-8.7877e-10 -6.34584e-09
-8.75931e-10 -6.35454e-09
-8.69347e-10 -6.36374e-09
-8.72351e-10 -6.37163e-09
-8.77569e-10 -6.37922e-09
-8.86901e-10 -6.38623e-09
-8.96564e-10 -6.39319e-09
-8.96949e-10 -6.40144e-09
-8.96622e-10 -6.40979e-09
-8.89803e-10 -6.41904e-09
-8.87323e-10 -6.42768e-09
-8.91103e-10 -6.43546e-09
-8.96937e-10 -6.44295e-09
-9.09138e-10 -6.44955e-09
-9.13834e-10 -6.45719e-09
-9.15421e-10 -6.46527e-09
-9.12074e-10 -6.47405e-09
-9.05189e-10 -6.48331e-09
-9.06484e-10 -6.49143e-09
-9.08842e-10 -6.49941e-09
-9.19355e-10 -6.50623e-09
-9.28754e-10 -6.5132e-09
-9.32106e-10 -6.52103e-09
-9.33531e-10 -6.52913e-09
-9.26056e-10 -6.53849e-09
-9.23643e-10 -6.54714e-09
-9.23749e-10 -6.55542e-09
-9.29372e-10 -6.56293e-09
-9.41356e-10 -6.56953e-09
-9.47082e-10 -6.57701e-09
-9.52183e-10 -6.58458e-09
-9.48543e-10 -6.5934e-09
-9.4268e-10 -6.60255e-09
-9.41484e-10 -6.61102e-09
-9.41633e-10 -6.6193e-09
-9.52248e-10 -6.62608e-09
-9.60746e-10 -6.63316e-09
-9.67613e-10 -6.64047e-09
-9.70145e-10 -6.6484e-09
-9.6356e-10 -6.65766e-09
-9.6104e-10 -6.66633e-09
-9.57684e-10 -6.67511e-09
-9.6313e-10 -6.68263e-09
-9.73381e-10 -6.68945e-09
-9.80759e-10 -6.69668e-09
-9.88604e-10 -6.70383e-09
-9.85417e-10 -6.7126e-09
-9.81449e-10 -6.72149e-09
-9.77395e-10 -6.73038e-09
-9.76244e-10 -6.73885e-09
-9.8548e-10 -6.7458e-09
-9.93034e-10 -6.753e-09
-1.0032e-09 -6.7598e-09
-1.00637e-09 -6.76764e-09
-1.00219e-09 -6.77656e-09
-9.99157e-10 -6.78531e-09
-9.93294e-10 -6.79447e-09
-9.98076e-10 -6.80207e-09
-1.0056e-09 -6.80927e-09
-1.015e-09 -6.81618e-09
-1.02438e-09 -6.82308e-09
-1.0228e-09 -6.83162e-09
-1.02098e-09 -6.84019e-09
-1.01438e-09 -6.84948e-09
-1.01271e-09 -6.85803e-09
-1.01912e-09 -6.86538e-09
-1.02612e-09 -6.87264e-09
-1.03855e-09 -6.87908e-09
-1.04233e-09 -6.88681e-09
-1.04162e-09 -6.89522e-09
-1.03776e-09 -6.90411e-09
-1.0308e-09 -6.91345e-09
-1.03402e-09 -6.92127e-09
-1.03856e-09 -6.92889e-09
-1.04978e-09 -6.93551e-09
-1.05946e-09 -6.94234e-09
-1.06074e-09 -6.95045e-09
-1.06076e-09 -6.95875e-09
-1.05265e-09 -6.96828e-09
-1.05081e-09 -6.97686e-09
-1.05344e-09 -6.98477e-09
-1.06035e-09 -6.99202e-09
-1.07347e-09 -6.99833e-09
-1.07829e-09 -7.00589e-09
-1.08137e-09 -7.01372e-09
-1.07676e-09 -7.02273e-09
-1.07016e-09 -7.03204e-09
-1.07083e-09 -7.04024e-09
-1.07284e-09 -7.04824e-09
-1.08494e-09 -7.05469e-09
-1.09409e-09 -7.06158e-09
-1.09909e-09 -7.06911e-09
-1.10035e-09 -7.07722e-09
-1.09231e-09 -7.08676e-09
-1.09019e-09 -7.09539e-09
-1.08889e-09 -7.10389e-09
-1.09587e-09 -7.11112e-09
-1.10795e-09 -7.11755e-09
-1.11456e-09 -7.12483e-09
-1.12092e-09 -7.13213e-09
-1.11623e-09 -7.14117e-09
-1.11109e-09 -7.15028e-09
-1.10854e-09 -7.15897e-09
-1.10887e-09 -7.16722e-09
-1.12032e-09 -7.17375e-09
-1.12872e-09 -7.18073e-09
-1.1376e-09 -7.18764e-09
-1.13958e-09 -7.19563e-09
-1.13332e-09 -7.20492e-09
-1.13047e-09 -7.21367e-09
-1.12594e-09 -7.22268e-09
-1.13257e-09 -7.22994e-09
-1.14232e-09 -7.23671e-09
-1.1513e-09 -7.24359e-09
-1.15986e-09 -7.25053e-09
-1.15628e-09 -7.25941e-09
-1.15308e-09 -7.26822e-09
-1.14732e-09 -7.27743e-09
-1.14681e-09 -7.28582e-09
-1.15592e-09 -7.29268e-09
-1.16388e-09 -7.29971e-09
-1.17589e-09 -7.30609e-09
-1.17848e-09 -7.31398e-09
-1.17538e-09 -7.32279e-09
-1.17137e-09 -7.33173e-09
-1.16493e-09 -7.34106e-09
-1.17028e-09 -7.34851e-09
-1.1771e-09 -7.35572e-09
-1.18851e-09 -7.36219e-09
-1.19799e-09 -7.36896e-09
-1.19695e-09 -7.37743e-09
-1.19557e-09 -7.38596e-09
-1.18743e-09 -7.39558e-09
-1.18653e-09 -7.40402e-09
-1.19199e-09 -7.41144e-09
-1.20001e-09 -7.41845e-09
-1.21366e-09 -7.42454e-09
-1.21727e-09 -7.43225e-09
-1.21802e-09 -7.44043e-09
-1.21278e-09 -7.44959e-09
-1.20594e-09 -7.459e-09
-1.20885e-09 -7.46683e-09
-1.21295e-09 -7.47447e-09
-1.22604e-09 -7.48064e-09
-1.23545e-09 -7.48739e-09
-1.23815e-09 -7.49525e-09
-1.23806e-09 -7.50357e-09
-1.22905e-09 -7.51336e-09
-1.22771e-09 -7.52188e-09
-1.22896e-09 -7.52997e-09
-1.23733e-09 -7.53691e-09
-1.25082e-09 -7.54298e-09
-1.25623e-09 -7.55039e-09
-1.26067e-09 -7.55795e-09
-1.25473e-09 -7.56724e-09
-1.24878e-09 -7.57653e-09
-1.24827e-09 -7.58492e-09
-1.25038e-09 -7.59287e-09
-1.2637e-09 -7.59897e-09
-1.27262e-09 -7.60578e-09
-1.27961e-09 -7.61292e-09
-1.28027e-09 -7.62111e-09
-1.27222e-09 -7.63076e-09
-1.26997e-09 -7.63944e-09
-1.26738e-09 -7.64817e-09
-1.27581e-09 -7.65507e-09
-1.28755e-09 -7.66141e-09
-1.29557e-09 -7.66836e-09
-1.3028e-09 -7.67544e-09
-1.29733e-09 -7.68467e-09
-1.293e-09 -7.6937e-09
-1.28873e-09 -7.70272e-09
-1.28971e-09 -7.71086e-09
-1.30141e-09 -7.71719e-09
-1.31004e-09 -7.72404e-09
-1.32092e-09 -7.73049e-09
-1.32214e-09 -7.73858e-09
-1.31672e-09 -7.74781e-09
-1.31301e-09 -7.75674e-09
-1.30771e-09 -7.76594e-09
-1.31528e-09 -7.77296e-09
-1.32434e-09 -7.77973e-09
-1.33534e-09 -7.78615e-09
-1.34411e-09 -7.79295e-09
-1.34067e-09 -7.80184e-09
-1.33801e-09 -7.8106e-09
-1.33052e-09 -7.82019e-09
-1.33091e-09 -7.82842e-09
-1.33934e-09 -7.83528e-09
-1.3482e-09 -7.84207e-09
-1.36171e-09 -7.84804e-09
-1.36382e-09 -7.85598e-09
-1.3621e-09 -7.86458e-09
-1.35666e-09 -7.87382e-09
-1.35017e-09 -7.88324e-09
-1.35558e-09 -7.89061e-09
-1.36187e-09 -7.89783e-09
-1.37537e-09 -7.90379e-09
-1.38458e-09 -7.91049e-09
-1.38466e-09 -7.91878e-09
-1.38327e-09 -7.92733e-09
-1.3739e-09 -7.93726e-09
-1.37373e-09 -7.94559e-09
-1.3779e-09 -7.95317e-09
-1.3874e-09 -7.95982e-09
-1.40173e-09 -7.96562e-09
-1.40557e-09 -7.97324e-09
-1.40775e-09 -7.98116e-09
-1.40095e-09 -7.99066e-09
-1.39468e-09 -8.00006e-09
-1.39668e-09 -8.00801e-09
-1.40076e-09 -8.0156e-09
-1.41546e-09 -8.02132e-09
-1.4245e-09 -8.02803e-09
-1.42906e-09 -8.03552e-09
-1.42838e-09 -8.04395e-09
-1.41901e-09 -8.05391e-09
-1.41781e-09 -8.06242e-09
-1.41768e-09 -8.07074e-09
-1.42771e-09 -8.07728e-09
-1.44105e-09 -8.08321e-09
-1.44762e-09 -8.09034e-09
-1.45307e-09 -8.09767e-09
-1.44598e-09 -8.10724e-09
-1.44087e-09 -8.11646e-09
-1.43873e-09 -8.12514e-09
-1.44143e-09 -8.13296e-09
