0 0
-1.70278e-13 -6.73452e-11
-4.5313e-13 -1.3469e-10
-2.4634e-13 -2.02036e-10
-7.09927e-14 -2.69382e-10
-1.9145e-14 -3.36727e-10
-1.06556e-12 -4.04071e-10
-2.61826e-12 -4.7141e-10
-3.16555e-12 -5.38753e-10
-3.18223e-12 -6.06099e-10
-1.9622e-12 -6.73449e-10
-2.30371e-12 -7.40793e-10
-4.31982e-12 -8.08129e-10
-6.70641e-12 -8.75459e-10
-9.04847e-12 -9.42785e-10
-8.10564e-12 -1.01014e-09
-7.00442e-12 -1.07749e-09
-6.89511e-12 -1.14484e-09
-9.04126e-12 -1.21217e-09
-1.39794e-11 -1.27947e-09
-1.6119e-11 -1.34679e-09
-1.65513e-11 -1.41413e-09
-1.44889e-11 -1.4815e-09
-1.33735e-11 -1.54885e-09
-1.72262e-11 -1.61616e-09
-2.16148e-11 -1.68346e-09
-2.67658e-11 -1.75073e-09
-2.71304e-11 -1.81807e-09
-2.42127e-11 -1.88546e-09
-2.38418e-11 -1.95281e-09
-2.54829e-11 -2.02013e-09
-3.31788e-11 -2.08736e-09
-3.87286e-11 -2.15462e-09
-3.98033e-11 -2.22195e-09
-3.82949e-11 -2.28932e-09
-3.44863e-11 -2.35672e-09
-3.85388e-11 -2.424e-09
-4.51826e-11 -2.49123e-09
-5.26591e-11 -2.55844e-09
-5.66751e-11 -2.6257e-09
-5.23553e-11 -2.69314e-09
-5.0875e-11 -2.76051e-09
-5.15598e-11 -2.82784e-09
-5.97985e-11 -2.89502e-09
-7.02162e-11 -2.96214e-09
-7.28496e-11 -3.02942e-09
-7.26385e-11 -3.09678e-09
-6.69958e-11 -3.16425e-09
-6.84589e-11 -3.23156e-09
-7.74581e-11 -3.2987e-09
-8.66406e-11 -3.36582e-09
-9.52611e-11 -3.43294e-09
-9.20667e-11 -3.50037e-09
-8.79774e-11 -3.56782e-09
-8.80911e-11 -3.63516e-09
-9.44735e-11 -3.70234e-09
-1.09359e-10 -3.76928e-09
-1.15752e-10 -3.83644e-09
-1.16601e-10 -3.90377e-09
-1.11476e-10 -3.97126e-09
-1.08076e-10 -4.0387e-09
-1.18106e-10 -4.10576e-09
-1.29204e-10 -4.17277e-09
-1.4152e-10 -4.23973e-09
-1.43016e-10 -4.30703e-09
-1.35756e-10 -4.37461e-09
-1.35081e-10 -4.44197e-09
-1.38641e-10 -4.5092e-09
-1.55279e-10 -4.57601e-09
-1.67964e-10 -4.64291e-09
-1.6994e-10 -4.71019e-09
-1.67185e-10 -4.77764e-09
-1.59134e-10 -4.84525e-09
-1.66922e-10 -4.91233e-09
-1.80692e-10 -4.97919e-09
-1.95079e-10 -5.046e-09
-2.03586e-10 -5.11302e-09
-1.95284e-10 -5.18069e-09
-1.92113e-10 -5.24815e-09
-1.93648e-10 -5.31543e-09
-2.08251e-10 -5.38222e-09
-2.28099e-10 -5.44877e-09
-2.33033e-10 -5.51592e-09
-2.32658e-10 -5.58328e-09
-2.22973e-10 -5.65102e-09
-2.24604e-10 -5.71829e-09
-2.40821e-10 -5.78498e-09
-2.56597e-10 -5.85165e-09
-2.71702e-10 -5.91832e-09
-2.67005e-10 -5.98589e-09
-2.5931e-10 -6.05357e-09
-2.59887e-10 -6.12088e-09
-2.69821e-10 -6.1878e-09
-2.94622e-10 -6.25402e-09
-3.05942e-10 -6.32083e-09
-3.06966e-10 -6.38813e-09
-2.99417e-10 -6.45583e-09
-2.93014e-10 -6.52347e-09
-3.08972e-10 -6.59007e-09
-3.26957e-10 -6.65655e-09
-3.46159e-10 -6.72294e-09
-3.49737e-10 -6.79011e-09
-3.37801e-10 -6.85805e-09
-3.36747e-10 -6.92545e-09
-3.4202e-10 -6.99253e-09
-3.66978e-10 -7.05861e-09
-3.8759e-10 -7.12486e-09
-3.90361e-10 -7.19207e-09
-3.86742e-10 -7.25961e-09
-3.74372e-10 -7.3276e-09
-3.85103e-10 -7.39438e-09
-4.06367e-10 -7.46059e-09
-4.27293e-10 -7.52678e-09
-4.40908e-10 -7.59335e-09
-4.2894e-10 -7.66138e-09
-4.23565e-10 -7.72902e-09
-4.26146e-10 -7.79622e-09
-4.46281e-10 -7.86243e-09
-4.75987e-10 -7.92805e-09
-4.83585e-10 -7.99494e-09
-4.82972e-10 -8.06233e-09
-4.69744e-10 -8.13045e-09
-4.70584e-10 -8.19774e-09
-4.94153e-10 -8.2637e-09
-5.16439e-10 -8.32969e-09
-5.38067e-10 -8.39568e-09
-5.32728e-10 -8.46337e-09
-5.2081e-10 -8.53146e-09
-5.22036e-10 -8.59872e-09
-5.34958e-10 -8.66527e-09
-5.69459e-10 -8.73042e-09
-5.86473e-10 -8.79665e-09
-5.87405e-10 -8.86394e-09
-5.78036e-10 -8.9319e-09
-5.68055e-10 -8.99988e-09
-5.89519e-10 -9.06584e-09
-6.14674e-10 -9.13152e-09
-6.40409e-10 -9.19711e-09
-6.46975e-10 -9.26401e-09
-6.30174e-10 -9.33251e-09
-6.2852e-10 -9.39996e-09
-6.35446e-10 -9.46683e-09
-6.67991e-10 -9.53194e-09
-6.97282e-10 -9.5972e-09
-7.00851e-10 -9.6643e-09
-6.96604e-10 -9.73195e-09
-6.80021e-10 -9.80046e-09
-6.92791e-10 -9.86691e-09
-7.21909e-10 -9.93217e-09
-7.4906e-10 -9.99751e-09
-7.68241e-10 -1.00634e-08
-7.53104e-10 -1.01319e-08
-7.44906e-10 -1.01999e-08
-7.48782e-10 -1.02669e-08
-7.73645e-10 -1.03324e-08
-8.13474e-10 -1.03967e-08
-8.2425e-10 -1.04632e-08
-8.23206e-10 -1.05307e-08
-8.07017e-10 -1.05992e-08
-8.06147e-10 -1.06666e-08
-8.37067e-10 -1.07316e-08
-8.6591e-10 -1.07967e-08
-8.93944e-10 -1.08618e-08
-8.88902e-10 -1.09295e-08
-8.72188e-10 -1.09982e-08
-8.74155e-10 -1.10654e-08
-8.89644e-10 -1.11315e-08
-9.33449e-10 -1.11953e-08
-9.56992e-10 -1.12606e-08
-9.5758e-10 -1.13279e-08
-9.46917e-10 -1.13962e-08
-9.32953e-10 -1.14647e-08
-9.59329e-10 -1.15298e-08
-9.92024e-10 -1.15944e-08
-1.0239e-09 -1.1659e-08
-1.03428e-09 -1.17254e-08
-1.01259e-09 -1.17947e-08
-1.00996e-09 -1.18622e-08
-1.01862e-09 -1.19288e-08
-1.05794e-09 -1.19928e-08
-1.09658e-09 -1.20567e-08
-1.10108e-09 -1.21236e-08
-1.09629e-09 -1.21914e-08
-1.07577e-09 -1.22606e-08
-1.08959e-09 -1.23267e-08
-1.12688e-09 -1.23907e-08
-1.16003e-09 -1.2455e-08
-1.18506e-09 -1.252e-08
-1.16742e-09 -1.2589e-08
-1.15571e-09 -1.26574e-08
-1.16114e-09 -1.27242e-08
-1.19e-09 -1.27889e-08
-1.24003e-09 -1.28515e-08
-1.25464e-09 -1.29175e-08
-1.25289e-09 -1.2985e-08
-1.23436e-09 -1.30541e-08
-1.23094e-09 -1.31218e-08
-1.26905e-09 -1.31855e-08
-1.30463e-09 -1.32494e-08
-1.33882e-09 -1.33133e-08
-1.33505e-09 -1.3381e-08
-1.31305e-09 -1.34506e-08
-1.31573e-09 -1.35176e-08
-1.33352e-09 -1.35832e-08
-1.38607e-09 -1.36453e-08
-1.41701e-09 -1.37095e-08
-1.41705e-09 -1.37769e-08
-1.40551e-09 -1.38454e-08
-1.38735e-09 -1.39146e-08
-1.41788e-09 -1.39788e-08
-1.45854e-09 -1.4042e-08
-1.49616e-09 -1.41054e-08
-1.51105e-09 -1.41712e-08
-1.48465e-09 -1.42413e-08
-1.48053e-09 -1.43091e-08
-1.49109e-09 -1.43753e-08
-1.53634e-09 -1.44379e-08
-1.58488e-09 -1.45e-08
-1.5906e-09 -1.45667e-08
-1.5852e-09 -1.46347e-08
-1.56117e-09 -1.47046e-08
-1.57502e-09 -1.47705e-08
-1.62072e-09 -1.48329e-08
-1.65976e-09 -1.48959e-08
-1.69074e-09 -1.49598e-08
-1.67141e-09 -1.50293e-08
-1.65546e-09 -1.50984e-08
-1.66267e-09 -1.51649e-08
-1.69489e-09 -1.52287e-08
-1.75503e-09 -1.52893e-08
-1.77425e-09 -1.53544e-08
-1.77144e-09 -1.54221e-08
-1.7512e-09 -1.54918e-08
-1.7445e-09 -1.55598e-08
-1.78948e-09 -1.56221e-08
-1.83209e-09 -1.56845e-08
-1.8721e-09 -1.57471e-08
-1.87056e-09 -1.58147e-08
-1.84291e-09 -1.58853e-08
-1.84613e-09 -1.59522e-08
-1.8661e-09 -1.60172e-08
-1.92671e-09 -1.60774e-08
-1.96589e-09 -1.614e-08
-1.96527e-09 -1.62075e-08
-1.95315e-09 -1.62763e-08
-1.93075e-09 -1.63463e-08
-1.96454e-09 -1.64096e-08
-2.01361e-09 -1.6471e-08
-2.05662e-09 -1.6533e-08
-2.07658e-09 -1.65979e-08
-2.04583e-09 -1.66691e-08
-2.03956e-09 -1.67372e-08
-2.05229e-09 -1.6803e-08
-2.10262e-09 -1.68641e-08
-2.16147e-09 -1.6924e-08
-2.16886e-09 -1.69904e-08
-2.16264e-09 -1.70586e-08
-2.13563e-09 -1.71293e-08
-2.14848e-09 -1.7195e-08
-2.20272e-09 -1.72555e-08
-2.24766e-09 -1.73171e-08
-2.28454e-09 -1.73796e-08
-2.26444e-09 -1.74496e-08
-2.24352e-09 -1.75197e-08
-2.25267e-09 -1.75858e-08
-2.28776e-09 -1.76486e-08
-2.35771e-09 -1.77068e-08
-2.38242e-09 -1.77708e-08
-2.3782e-09 -1.78388e-08
-2.35681e-09 -1.79089e-08
-2.34627e-09 -1.79777e-08
-2.39761e-09 -1.80382e-08
-2.44766e-09 -1.80989e-08
-2.49306e-09 -1.816e-08
-2.49467e-09 -1.82272e-08
-2.46117e-09 -1.82991e-08
-2.4646e-09 -1.83659e-08
-2.48678e-09 -1.84303e-08
-2.55464e-09 -1.84884e-08
-2.60287e-09 -1.8549e-08
-2.60161e-09 -1.86165e-08
-2.58903e-09 -1.86856e-08
-2.56255e-09 -1.87566e-08
-2.59859e-09 -1.8819e-08
-2.6565e-09 -1.88783e-08
-2.70461e-09 -1.89388e-08
-2.73003e-09 -1.90025e-08
-2.69549e-09 -1.90748e-08
-2.68631e-09 -1.91434e-08
-2.7015e-09 -1.92086e-08
-2.75611e-09 -1.92682e-08
-2.8255e-09 -1.93255e-08
-2.83517e-09 -1.93915e-08
-2.8278e-09 -1.94599e-08
-2.79844e-09 -1.95315e-08
-2.80931e-09 -1.95972e-08
-2.87206e-09 -1.96555e-08
-2.92305e-09 -1.97153e-08
-2.9656e-09 -1.97764e-08
-2.94574e-09 -1.98467e-08
-2.91919e-09 -1.99179e-08
-2.93034e-09 -1.99836e-08
-2.96795e-09 -2.00454e-08
-3.04722e-09 -2.01009e-08
-3.07835e-09 -2.01635e-08
-3.07239e-09 -2.02318e-08
-3.05036e-09 -2.03025e-08
-3.03558e-09 -2.0372e-08
-3.09259e-09 -2.04308e-08
-3.15056e-09 -2.04893e-08
-3.20091e-09 -2.05488e-08
-3.20649e-09 -2.06153e-08
-3.16711e-09 -2.06888e-08
-3.17026e-09 -2.07556e-08
-3.19482e-09 -2.08192e-08
-3.26905e-09 -2.0875e-08
-3.32704e-09 -2.09332e-08
-3.3253e-09 -2.10009e-08
-3.31223e-09 -2.10703e-08
-3.282e-09 -2.11423e-08
-3.3192e-09 -2.12039e-08
-3.38633e-09 -2.12606e-08
-3.43936e-09 -2.13194e-08
-3.47044e-09 -2.13818e-08
-3.43283e-09 -2.14552e-08
-3.41991e-09 -2.15246e-08
-3.43787e-09 -2.15891e-08
-3.49604e-09 -2.16471e-08
-3.57601e-09 -2.17014e-08
-3.58871e-09 -2.17667e-08
-3.57978e-09 -2.18355e-08
-3.54872e-09 -2.19079e-08
-3.55671e-09 -2.19739e-08
-3.62779e-09 -2.20296e-08
-3.68512e-09 -2.20875e-08
-3.73301e-09 -2.21468e-08
-3.71441e-09 -2.22173e-08
-3.68165e-09 -2.22901e-08
-3.69473e-09 -2.23553e-08
-3.73465e-09 -2.2416e-08
-3.82261e-09 -2.24685e-08
-3.86113e-09 -2.25293e-08
-3.85316e-09 -2.2598e-08
-3.83085e-09 -2.26691e-08
-3.81163e-09 -2.27397e-08
-3.87345e-09 -2.27966e-08
-3.93989e-09 -2.28526e-08
-3.99475e-09 -2.29104e-08
-4.005e-09 -2.2976e-08
-3.95992e-09 -2.30512e-08
-3.96213e-09 -2.31181e-08
-3.98934e-09 -2.31807e-08
-4.06905e-09 -2.32342e-08
-4.13738e-09 -2.32896e-08
-4.13548e-09 -2.33573e-08
-4.12173e-09 -2.3427e-08
-4.08825e-09 -2.35002e-08
-4.12547e-09 -2.35611e-08
-4.2021e-09 -2.36149e-08
-4.25999e-09 -2.36719e-08
-4.29675e-09 -2.37326e-08
-4.25696e-09 -2.38071e-08
-4.23943e-09 -2.38776e-08
-4.26042e-09 -2.39412e-08
-4.32153e-09 -2.39976e-08
-4.41192e-09 -2.40485e-08
-4.42855e-09 -2.41128e-08
-4.41757e-09 -2.41822e-08
-4.38547e-09 -2.42553e-08
-4.38982e-09 -2.43219e-08
-4.46884e-09 -2.43748e-08
-4.53294e-09 -2.44304e-08
-4.5857e-09 -2.44879e-08
-4.5694e-09 -2.45583e-08
-4.52999e-09 -2.46329e-08
-4.54476e-09 -2.46975e-08
-4.58696e-09 -2.47571e-08
-4.68283e-09 -2.48065e-08
-4.72969e-09 -2.4865e-08
-4.71954e-09 -2.49343e-08
-4.69719e-09 -2.50058e-08
-4.67353e-09 -2.50776e-08
-4.73915e-09 -2.51326e-08
-4.81462e-09 -2.51856e-08
-4.8736e-09 -2.52416e-08
-4.88904e-09 -2.5306e-08
-4.83865e-09 -2.53831e-08
-4.83914e-09 -2.54503e-08
-4.86934e-09 -2.55119e-08
-4.95364e-09 -2.5563e-08
-5.03273e-09 -2.56149e-08
-5.03118e-09 -2.56826e-08
-5.0164e-09 -2.57528e-08
-4.98026e-09 -2.58272e-08
-5.01639e-09 -2.58875e-08
-5.10267e-09 -2.5938e-08
-5.1655e-09 -2.59929e-08
-5.20779e-09 -2.60519e-08
-5.16683e-09 -2.61274e-08
-5.14382e-09 -2.61992e-08
-5.16802e-09 -2.62618e-08
-5.23161e-09 -2.63166e-08
-5.33205e-09 -2.63638e-08
-5.3536e-09 -2.64268e-08
-5.3401e-09 -2.64969e-08
-5.30756e-09 -2.65707e-08
-5.30766e-09 -2.6638e-08
-5.39404e-09 -2.6688e-08
-5.46544e-09 -2.67409e-08
-5.52258e-09 -2.67965e-08
-5.50953e-09 -2.68666e-08
-5.46319e-09 -2.69434e-08
-5.47925e-09 -2.70074e-08
-5.52386e-09 -2.70657e-08
-5.62674e-09 -2.71118e-08
-5.68284e-09 -2.71675e-08
-5.67048e-09 -2.72375e-08
-5.64814e-09 -2.73094e-08
-5.62024e-09 -2.73825e-08
-5.68855e-09 -2.74357e-08
-5.77357e-09 -2.74853e-08
-5.83638e-09 -2.75395e-08
-5.85736e-09 -2.76024e-08
-5.80224e-09 -2.76814e-08
-5.80011e-09 -2.77491e-08
-5.83369e-09 -2.78094e-08
-5.92172e-09 -2.78582e-08
-6.01181e-09 -2.79062e-08
-6.01129e-09 -2.79737e-08
-5.99502e-09 -2.80446e-08
-5.95691e-09 -2.812e-08
-5.99085e-09 -2.81801e-08
-6.08679e-09 -2.82269e-08
-6.1548e-09 -2.82795e-08
-6.20229e-09 -2.83366e-08
-6.16124e-09 -2.84129e-08
-6.13195e-09 -2.84865e-08
-6.15944e-09 -2.85479e-08
-6.22518e-09 -2.8601e-08
-6.33513e-09 -2.86442e-08
-6.36266e-09 -2.87055e-08
-6.34618e-09 -2.87765e-08
-6.31369e-09 -2.8851e-08
-6.30912e-09 -2.89193e-08
-6.40212e-09 -2.89662e-08
-6.48143e-09 -2.90159e-08
-6.5424e-09 -2.90696e-08
-6.53348e-09 -2.9139e-08
-6.48014e-09 -2.92182e-08
-6.49691e-09 -2.92818e-08
-6.54418e-09 -2.93386e-08
-6.65313e-09 -2.93815e-08
-6.71924e-09 -2.94338e-08
-6.70482e-09 -2.95045e-08
-6.68238e-09 -2.95769e-08
-6.65061e-09 -2.96514e-08
-6.72039e-09 -2.9703e-08
-6.81544e-09 -2.97487e-08
-6.88189e-09 -2.98008e-08
-6.90857e-09 -2.9862e-08
-6.84951e-09 -2.99429e-08
-6.84376e-09 -3.00116e-08
-6.8811e-09 -3.00704e-08
-6.97213e-09 -3.01167e-08
-7.07323e-09 -3.01606e-08
-7.07459e-09 -3.02276e-08
-7.05626e-09 -3.02993e-08
-7.0169e-09 -3.03757e-08
-7.04768e-09 -3.04359e-08
-7.15308e-09 -3.04787e-08
-7.22667e-09 -3.05287e-08
-7.27889e-09 -3.05837e-08
-7.23888e-09 -3.06605e-08
-7.20259e-09 -3.07364e-08
-7.23329e-09 -3.07965e-08
-7.30106e-09 -3.08478e-08
-7.41979e-09 -3.08869e-08
-7.45439e-09 -3.09459e-08
-7.43454e-09 -3.10181e-08
-7.40249e-09 -3.10931e-08
-7.39304e-09 -3.11626e-08
-7.4917e-09 -3.12064e-08
-7.57959e-09 -3.12525e-08
-7.64389e-09 -3.13043e-08
-7.63982e-09 -3.13726e-08
-7.57961e-09 -3.14546e-08
-7.59634e-09 -3.15178e-08
-7.64664e-09 -3.1573e-08
-7.76066e-09 -3.16126e-08
-7.83745e-09 -3.1661e-08
-7.82129e-09 -3.17324e-08
-7.79845e-09 -3.18053e-08
-7.76337e-09 -3.18812e-08
-7.83336e-09 -3.19314e-08
-7.9388e-09 -3.19727e-08
-8.00885e-09 -3.20227e-08
-8.04119e-09 -3.20819e-08
-7.97914e-09 -3.21648e-08
-7.96874e-09 -3.22347e-08
-8.01018e-09 -3.22917e-08
-8.10357e-09 -3.23358e-08
-8.21551e-09 -3.23749e-08
-8.21972e-09 -3.24412e-08
-8.19871e-09 -3.25139e-08
-8.15883e-09 -3.25912e-08
-8.18559e-09 -3.26518e-08
-8.30006e-09 -3.26903e-08
-8.37975e-09 -3.27373e-08
-8.43616e-09 -3.27902e-08
-8.3983e-09 -3.28673e-08
-8.35444e-09 -3.29458e-08
-8.38811e-09 -3.30046e-08
-8.45792e-09 -3.30541e-08
-8.58456e-09 -3.30888e-08
-8.6273e-09 -3.31451e-08
-8.60382e-09 -3.32186e-08
-8.57243e-09 -3.3294e-08
-8.55808e-09 -3.3365e-08
-8.66131e-09 -3.34057e-08
-8.75848e-09 -3.34477e-08
-8.82564e-09 -3.34975e-08
-8.82697e-09 -3.35645e-08
-8.76027e-09 -3.36493e-08
-8.77604e-09 -3.37125e-08
-8.82982e-09 -3.37658e-08
-8.94794e-09 -3.3802e-08
-9.03589e-09 -3.3846e-08
-9.0185e-09 -3.3918e-08
-8.99481e-09 -3.39917e-08
-8.95709e-09 -3.40689e-08
-9.02605e-09 -3.41181e-08
-9.14211e-09 -3.41545e-08
-9.21588e-09 -3.42021e-08
-9.25364e-09 -3.42593e-08
-9.18968e-09 -3.43438e-08
-9.1736e-09 -3.44154e-08
-9.21939e-09 -3.44705e-08
-9.31466e-09 -3.45123e-08
-9.43703e-09 -3.45464e-08
-9.44523e-09 -3.46115e-08
-9.42089e-09 -3.46855e-08
-9.38114e-09 -3.47636e-08
-9.4032e-09 -3.4825e-08
-9.52614e-09 -3.48589e-08
-9.61258e-09 -3.49026e-08
-9.67254e-09 -3.49534e-08
-9.6379e-09 -3.50303e-08
-9.58608e-09 -3.51118e-08
-9.62228e-09 -3.51693e-08
-9.69434e-09 -3.52168e-08
-9.8279e-09 -3.52472e-08
-9.87981e-09 -3.53e-08
-9.85257e-09 -3.5375e-08
-9.82187e-09 -3.54509e-08
-9.80284e-09 -3.55235e-08
-9.9094e-09 -3.55612e-08
-1.00165e-08 -3.55986e-08
-1.00862e-08 -3.56463e-08
-1.00933e-08 -3.57117e-08
-1.00207e-08 -3.57994e-08
-1.00344e-08 -3.58629e-08
-1.00922e-08 -3.5914e-08
-1.02135e-08 -3.59471e-08
-1.03129e-08 -3.59861e-08
-1.0295e-08 -3.60586e-08
-1.02698e-08 -3.61331e-08
-1.02302e-08 -3.62116e-08
-1.0297e-08 -3.62601e-08
-1.04237e-08 -3.62912e-08
-1.05015e-08 -3.63362e-08
-1.05442e-08 -3.63912e-08
-1.04796e-08 -3.64772e-08
-1.04568e-08 -3.6551e-08
-1.05071e-08 -3.66039e-08
-1.06039e-08 -3.66433e-08
-1.07361e-08 -3.66722e-08
-1.07495e-08 -3.67357e-08
-1.07212e-08 -3.68113e-08
-1.06822e-08 -3.689e-08
-1.0699e-08 -3.69524e-08
-1.08296e-08 -3.69817e-08
-1.09236e-08 -3.70215e-08
-1.09864e-08 -3.70703e-08
-1.0956e-08 -3.71466e-08
-1.0896e-08 -3.72316e-08
-1.09341e-08 -3.72877e-08
-1.10087e-08 -3.73331e-08
-1.11482e-08 -3.73591e-08
-1.12102e-08 -3.74079e-08
-1.11792e-08 -3.74846e-08
-1.11491e-08 -3.75609e-08
-1.11258e-08 -3.76351e-08
-1.12343e-08 -3.76702e-08
-1.1352e-08 -3.77023e-08
-1.14239e-08 -3.77479e-08
-1.14369e-08 -3.78114e-08
-1.13592e-08 -3.79021e-08
-1.13699e-08 -3.79662e-08
-1.1432e-08 -3.80149e-08
-1.15557e-08 -3.80448e-08
-1.16666e-08 -3.80784e-08
-1.16491e-08 -3.81511e-08
-1.16218e-08 -3.82268e-08
-1.15811e-08 -3.83065e-08
-1.16445e-08 -3.83546e-08
-1.17818e-08 -3.838e-08
-1.1864e-08 -3.8422e-08
-1.19112e-08 -3.84748e-08
-1.18471e-08 -3.8562e-08
-1.18168e-08 -3.86386e-08
-1.18715e-08 -3.86891e-08
-1.19698e-08 -3.87262e-08
-1.2111e-08 -3.87496e-08
-1.21308e-08 -3.88109e-08
-1.2098e-08 -3.88884e-08
-1.20601e-08 -3.89675e-08
-1.20715e-08 -3.90313e-08
-1.22088e-08 -3.90559e-08
-1.2311e-08 -3.90912e-08
-1.23762e-08 -3.91381e-08
-1.23507e-08 -3.92135e-08
-1.22826e-08 -3.93022e-08
-1.23218e-08 -3.93572e-08
-1.23995e-08 -3.94001e-08
-1.25437e-08 -3.94218e-08
-1.26165e-08 -3.9466e-08
-1.25822e-08 -3.95444e-08
-1.25522e-08 -3.96212e-08
-1.25252e-08 -3.9697e-08
-1.26344e-08 -3.97298e-08
-1.2763e-08 -3.9756e-08
-1.28372e-08 -3.97995e-08
-1.2856e-08 -3.98608e-08
-1.27742e-08 -3.99545e-08
-1.27806e-08 -4.00197e-08
-1.28476e-08 -4.00656e-08
-1.2973e-08 -4.00925e-08
-1.30952e-08 -4.01202e-08
-1.30792e-08 -4.01928e-08
-1.30489e-08 -4.027e-08
-1.3008e-08 -4.03505e-08
-1.3067e-08 -4.03988e-08
-1.32145e-08 -4.04182e-08
-1.33018e-08 -4.04569e-08
-1.33528e-08 -4.05075e-08
-1.32904e-08 -4.05954e-08
-1.32518e-08 -4.06753e-08
-1.33107e-08 -4.07234e-08
-1.34106e-08 -4.07579e-08
-1.35599e-08 -4.07759e-08
-1.35873e-08 -4.08342e-08
-1.35496e-08 -4.09141e-08
-1.35131e-08 -4.09935e-08
-1.3519e-08 -4.10588e-08
-1.36617e-08 -4.10789e-08
-1.37731e-08 -4.11091e-08
-1.38399e-08 -4.1154e-08
-1.38201e-08 -4.12281e-08
-1.37442e-08 -4.13208e-08
-1.37835e-08 -4.1375e-08
-1.38648e-08 -4.14152e-08
-1.40127e-08 -4.14327e-08
-1.40969e-08 -4.14716e-08
-1.40596e-08 -4.15516e-08
-1.40293e-08 -4.16292e-08
-1.39994e-08 -4.17065e-08
-1.41078e-08 -4.17373e-08
-1.42478e-08 -4.17571e-08
-1.43242e-08 -4.17984e-08
-1.43487e-08 -4.18574e-08
-1.42639e-08 -4.19537e-08
-1.42647e-08 -4.20207e-08
-1.4337e-08 -4.20634e-08
-1.44636e-08 -4.20874e-08
-1.45967e-08 -4.21089e-08
-1.45833e-08 -4.21809e-08
-1.45493e-08 -4.226e-08
-1.45089e-08 -4.23412e-08
-1.45628e-08 -4.239e-08
-1.47198e-08 -4.24031e-08
-1.4813e-08 -4.2438e-08
-1.4867e-08 -4.24866e-08
-1.48075e-08 -4.25747e-08
-1.47601e-08 -4.26584e-08
-1.48228e-08 -4.2704e-08
-1.49244e-08 -4.27359e-08
-1.50808e-08 -4.27484e-08
-1.51169e-08 -4.28031e-08
-1.50741e-08 -4.28855e-08
-1.5039e-08 -4.29652e-08
-1.50396e-08 -4.30323e-08
-1.51865e-08 -4.3048e-08
-1.53078e-08 -4.30724e-08
-1.53759e-08 -4.31155e-08
-1.53621e-08 -4.31879e-08
-1.5279e-08 -4.32846e-08
-1.53172e-08 -4.33384e-08
-1.54026e-08 -4.33755e-08
-1.55533e-08 -4.33891e-08
-1.56493e-08 -4.34219e-08
-1.56098e-08 -4.35036e-08
-1.55784e-08 -4.35821e-08
-1.55464e-08 -4.36609e-08
-1.56526e-08 -4.36902e-08
-1.58042e-08 -4.3703e-08
-1.58832e-08 -4.37417e-08
-1.59127e-08 -4.37984e-08
-1.58263e-08 -4.38971e-08
-1.58204e-08 -4.39665e-08
-1.58982e-08 -4.40057e-08
-1.60256e-08 -4.40269e-08
-1.61689e-08 -4.40419e-08
-1.61595e-08 -4.41127e-08
-1.6121e-08 -4.41941e-08
-1.60817e-08 -4.42757e-08
-1.613e-08 -4.43255e-08
-1.62958e-08 -4.43322e-08
-1.63956e-08 -4.43628e-08
-1.64518e-08 -4.44094e-08
-1.63964e-08 -4.44972e-08
-1.63398e-08 -4.45853e-08
-1.64057e-08 -4.46284e-08
-1.65095e-08 -4.46575e-08
-1.66716e-08 -4.46646e-08
-1.67176e-08 -4.47148e-08
-1.66695e-08 -4.48001e-08
-1.66358e-08 -4.488e-08
-1.66315e-08 -4.49489e-08
-1.67811e-08 -4.49606e-08
-1.69131e-08 -4.49785e-08
-1.69822e-08 -4.50199e-08
-1.69745e-08 -4.50902e-08
-1.6885e-08 -4.51911e-08
-1.69209e-08 -4.5245e-08
-1.70111e-08 -4.52784e-08
-1.71636e-08 -4.52883e-08
-1.72715e-08 -4.53147e-08
-1.72306e-08 -4.53976e-08
-1.71974e-08 -4.54775e-08
-1.71641e-08 -4.55574e-08
-1.7267e-08 -4.55858e-08
-1.743e-08 -4.55911e-08
-1.75122e-08 -4.5627e-08
-1.75461e-08 -4.56814e-08
-1.74593e-08 -4.5782e-08
-1.74457e-08 -4.58545e-08
-1.75289e-08 -4.589e-08
-1.76571e-08 -4.59082e-08
-1.78098e-08 -4.59166e-08
-1.78058e-08 -4.59856e-08
-1.7762e-08 -4.60699e-08
-1.77244e-08 -4.61516e-08
-1.77666e-08 -4.62027e-08
-1.79401e-08 -4.6203e-08
-1.80476e-08 -4.62285e-08
-1.81053e-08 -4.62734e-08
-1.80548e-08 -4.63605e-08
-1.79889e-08 -4.64534e-08
-1.80572e-08 -4.64942e-08
-1.81637e-08 -4.652e-08
-1.83305e-08 -4.6522e-08
-1.83872e-08 -4.6567e-08
-1.83341e-08 -4.66553e-08
-1.83013e-08 -4.67355e-08
-1.82926e-08 -4.68062e-08
-1.84435e-08 -4.68143e-08
-1.85868e-08 -4.6825e-08
-1.86567e-08 -4.68646e-08
-1.86552e-08 -4.69326e-08
-1.85602e-08 -4.70375e-08
-1.85924e-08 -4.70921e-08
-1.8688e-08 -4.71216e-08
-1.88415e-08 -4.71278e-08
-1.89612e-08 -4.71472e-08
-1.89201e-08 -4.72311e-08
-1.88841e-08 -4.73129e-08
-1.88505e-08 -4.73935e-08
-1.89489e-08 -4.74216e-08
-1.91231e-08 -4.7419e-08
-1.9209e-08 -4.74517e-08
-1.92466e-08 -4.75038e-08
-1.91608e-08 -4.76058e-08
-1.91385e-08 -4.76821e-08
-1.92271e-08 -4.77138e-08
-1.9356e-08 -4.7729e-08
-1.95172e-08 -4.77307e-08
-1.95199e-08 -4.7797e-08
-1.94702e-08 -4.78846e-08
-1.94347e-08 -4.79664e-08
-1.94706e-08 -4.80191e-08
-1.96507e-08 -4.80131e-08
-1.97667e-08 -4.80328e-08
-1.98252e-08 -4.80761e-08
-1.97804e-08 -4.8162e-08
-1.97055e-08 -4.826e-08
-1.97751e-08 -4.82988e-08
-1.98849e-08 -4.8321e-08
-2.00552e-08 -4.8318e-08
-2.01234e-08 -4.83571e-08
-2.00655e-08 -4.84485e-08
-2.00331e-08 -4.85292e-08
-2.00209e-08 -4.86015e-08
-2.01715e-08 -4.86065e-08
-2.03266e-08 -4.86093e-08
-2.03973e-08 -4.86471e-08
-2.04017e-08 -4.87126e-08
-2.03024e-08 -4.88214e-08
-2.03296e-08 -4.88774e-08
-2.0431e-08 -4.89024e-08
-2.0585e-08 -4.89052e-08
-2.07161e-08 -4.89173e-08
-2.0676e-08 -4.90016e-08
-2.06362e-08 -4.90857e-08
-2.06033e-08 -4.91668e-08
-2.06963e-08 -4.91951e-08
-2.0881e-08 -4.91843e-08
-2.09715e-08 -4.92132e-08
-2.1012e-08 -4.92634e-08
-2.09285e-08 -4.93662e-08
-2.08967e-08 -4.9447e-08
-2.09903e-08 -4.94746e-08
-2.11203e-08 -4.94867e-08
-2.12888e-08 -4.94819e-08
-2.12995e-08 -4.95447e-08
-2.12435e-08 -4.9636e-08
-2.12101e-08 -4.97176e-08
-2.124e-08 -4.97722e-08
-2.14252e-08 -4.97601e-08
-2.15508e-08 -4.97732e-08
-2.16095e-08 -4.98152e-08
-2.15708e-08 -4.98993e-08
-2.14873e-08 -5.00026e-08
-2.1557e-08 -5.00399e-08
-2.16708e-08 -5.00581e-08
-2.18435e-08 -5.00504e-08
-2.19237e-08 -5.00828e-08
-2.18617e-08 -5.01772e-08
-2.1829e-08 -5.02588e-08
-2.18142e-08 -5.03325e-08
-2.19629e-08 -5.03351e-08
-2.21301e-08 -5.03292e-08
-2.22019e-08 -5.0365e-08
-2.22117e-08 -5.04281e-08
-2.21095e-08 -5.05403e-08
-2.21303e-08 -5.05985e-08
-2.22378e-08 -5.06186e-08
-2.23918e-08 -5.06181e-08
-2.25337e-08 -5.06225e-08
-2.24962e-08 -5.07066e-08
-2.24516e-08 -5.07937e-08
-2.242e-08 -5.08749e-08
-2.25068e-08 -5.09039e-08
-2.27014e-08 -5.08848e-08
-2.27975e-08 -5.09093e-08
-2.28398e-08 -5.09577e-08
-2.27599e-08 -5.10608e-08
-2.27181e-08 -5.11467e-08
-2.28162e-08 -5.11703e-08
-2.29476e-08 -5.11789e-08
-2.31221e-08 -5.11677e-08
-2.31421e-08 -5.12261e-08
-2.30795e-08 -5.13217e-08
-2.30483e-08 -5.1403e-08
-2.30724e-08 -5.14595e-08
-2.32612e-08 -5.14418e-08
-2.33973e-08 -5.14474e-08
-2.34557e-08 -5.14883e-08
-2.34236e-08 -5.15703e-08
-2.33321e-08 -5.1679e-08
-2.34005e-08 -5.17154e-08
-2.35191e-08 -5.17289e-08
-2.36931e-08 -5.17168e-08
-2.37855e-08 -5.17418e-08
-2.37204e-08 -5.18391e-08
-2.36864e-08 -5.1922e-08
-2.36699e-08 -5.19968e-08
-2.38155e-08 -5.19976e-08
-2.39948e-08 -5.19825e-08
-2.40682e-08 -5.2016e-08
-2.40827e-08 -5.20766e-08
-2.39789e-08 -5.21918e-08
-2.39921e-08 -5.22531e-08
-2.4106e-08 -5.2268e-08
-2.42598e-08 -5.22641e-08
-2.44117e-08 -5.22608e-08
-2.4378e-08 -5.23439e-08
-2.43278e-08 -5.24346e-08
-2.42982e-08 -5.25156e-08
-2.43784e-08 -5.25457e-08
-2.45818e-08 -5.25183e-08
-2.46845e-08 -5.25375e-08
-2.47278e-08 -5.25846e-08
-2.46526e-08 -5.26872e-08
-2.46005e-08 -5.27789e-08
-2.47022e-08 -5.27987e-08
-2.48357e-08 -5.28034e-08
-2.50149e-08 -5.27861e-08
-2.50453e-08 -5.28391e-08
-2.49761e-08 -5.29392e-08
-2.49467e-08 -5.30204e-08
-2.49657e-08 -5.30787e-08
-2.51565e-08 -5.30559e-08
-2.53038e-08 -5.30533e-08
-2.53617e-08 -5.3093e-08
-2.53361e-08 -5.31726e-08
-2.52376e-08 -5.32867e-08
-2.53033e-08 -5.33229e-08
-2.54273e-08 -5.33312e-08
-2.56018e-08 -5.33151e-08
-2.57064e-08 -5.33321e-08
-2.56392e-08 -5.34319e-08
-2.56029e-08 -5.35166e-08
-2.55857e-08 -5.35921e-08
-2.57269e-08 -5.35918e-08
-2.59181e-08 -5.3567e-08
-2.59938e-08 -5.35978e-08
-2.60122e-08 -5.36562e-08
-2.59083e-08 -5.37738e-08
-2.59127e-08 -5.38389e-08
-2.60328e-08 -5.38483e-08
-2.61866e-08 -5.38411e-08
-2.63474e-08 -5.383e-08
-2.63192e-08 -5.39112e-08
-2.62625e-08 -5.40062e-08
-2.62354e-08 -5.40866e-08
-2.63087e-08 -5.41183e-08
-2.65197e-08 -5.40826e-08
-2.66301e-08 -5.40958e-08
-2.66735e-08 -5.41418e-08
-2.66038e-08 -5.42434e-08
-2.65415e-08 -5.43413e-08
-2.66457e-08 -5.43575e-08
-2.6782e-08 -5.43579e-08
-2.69647e-08 -5.43349e-08
-2.70063e-08 -5.43817e-08
-2.69308e-08 -5.44865e-08
-2.69026e-08 -5.45677e-08
-2.69172e-08 -5.46278e-08
-2.71084e-08 -5.46005e-08
-2.72676e-08 -5.45886e-08
-2.73249e-08 -5.46273e-08
-2.73057e-08 -5.47044e-08
-2.72014e-08 -5.48236e-08
-2.72629e-08 -5.48603e-08
-2.73929e-08 -5.48629e-08
-2.75672e-08 -5.48429e-08
-2.76837e-08 -5.48517e-08
-2.76157e-08 -5.49533e-08
-2.7576e-08 -5.50405e-08
-2.75591e-08 -5.51163e-08
-2.76946e-08 -5.51156e-08
-2.78974e-08 -5.50807e-08
-2.79762e-08 -5.51082e-08
-2.79975e-08 -5.51647e-08
-2.7895e-08 -5.52839e-08
-2.78897e-08 -5.53539e-08
-2.80158e-08 -5.53575e-08
-2.81697e-08 -5.53467e-08
-2.83382e-08 -5.53281e-08
-2.8317e-08 -5.54064e-08
-2.82532e-08 -5.55063e-08
-2.82288e-08 -5.5586e-08
-2.82952e-08 -5.56195e-08
-2.85124e-08 -5.55759e-08
-2.86315e-08 -5.5582e-08
-2.86744e-08 -5.56273e-08
-2.86109e-08 -5.57274e-08
-2.85386e-08 -5.58317e-08
-2.86442e-08 -5.58449e-08
-2.8784e-08 -5.58403e-08
-2.89689e-08 -5.58121e-08
-2.90225e-08 -5.58517e-08
-2.89412e-08 -5.59612e-08
-2.89135e-08 -5.60428e-08
-2.89246e-08 -5.61044e-08
-2.91146e-08 -5.60734e-08
-2.92861e-08 -5.60514e-08
-2.9343e-08 -5.60891e-08
-2.93297e-08 -5.61635e-08
-2.92209e-08 -5.62874e-08
-2.92766e-08 -5.63257e-08
-2.94131e-08 -5.63219e-08
-2.95867e-08 -5.62984e-08
-2.97145e-08 -5.62984e-08
-2.96472e-08 -5.64013e-08
-2.9603e-08 -5.64918e-08
-2.95873e-08 -5.65673e-08
-2.97164e-08 -5.65669e-08
-2.993e-08 -5.65216e-08
-3.00129e-08 -5.65451e-08
-3.00361e-08 -5.66002e-08
-2.99364e-08 -5.67203e-08
-2.99205e-08 -5.6796e-08
-3.00522e-08 -5.67937e-08
-3.02066e-08 -5.67791e-08
-3.03815e-08 -5.67532e-08
-3.03687e-08 -5.68275e-08
-3.02973e-08 -5.69329e-08
-3.02757e-08 -5.70117e-08
-3.03355e-08 -5.70472e-08
-3.05573e-08 -5.6996e-08
