0 0
1.03003e-14 -8.30286e-12
2.34985e-14 -1.66057e-11
-1.2649e-14 -2.49086e-11
-6.60754e-14 -3.32114e-11
-1.50472e-13 -4.1514e-11
-1.63678e-13 -4.98169e-11
-1.0591e-13 -5.81199e-11
-7.36813e-14 -6.64228e-11
-5.4886e-14 -7.47257e-11
-2.27548e-13 -8.30282e-11
-4.10878e-13 -9.13304e-11
-5.54971e-13 -9.96326e-11
-6.07217e-13 -1.07935e-10
-4.40387e-13 -1.16239e-10
-4.02438e-13 -1.24542e-10
-4.16809e-13 -1.32845e-10
-6.76358e-13 -1.41146e-10
-1.05158e-12 -1.49447e-10
-1.20325e-12 -1.57749e-10
-1.28534e-12 -1.66051e-10
-1.0476e-12 -1.74356e-10
-9.40047e-13 -1.82659e-10
-1.07856e-12 -1.90961e-10
-1.37504e-12 -1.99262e-10
-1.94587e-12 -2.0756e-10
-2.14386e-12 -2.15862e-10
-2.15826e-12 -2.24164e-10
-1.94357e-12 -2.32469e-10
-1.70175e-12 -2.40774e-10
-1.99822e-12 -2.49074e-10
-2.381e-12 -2.57374e-10
-3.046e-12 -2.6567e-10
-3.39266e-12 -2.73969e-10
-3.24338e-12 -2.82273e-10
-3.0815e-12 -2.90578e-10
-2.75228e-12 -2.98884e-10
-3.11734e-12 -3.07183e-10
-3.72416e-12 -3.15479e-10
-4.36579e-12 -3.23774e-10
-4.8955e-12 -3.3207e-10
-4.61167e-12 -3.40377e-10
-4.39366e-12 -3.48683e-10
-4.13612e-12 -3.56988e-10
-4.43696e-12 -3.65288e-10
-5.35553e-12 -3.73578e-10
-5.98376e-12 -3.81872e-10
-6.57331e-12 -3.90165e-10
-6.31278e-12 -3.98473e-10
-5.87284e-12 -4.06782e-10
-5.81406e-12 -4.15086e-10
-6.03839e-12 -4.23385e-10
-7.18292e-12 -4.3167e-10
-7.96401e-12 -4.3996e-10
-8.41157e-12 -4.48254e-10
-8.30601e-12 -4.56559e-10
-7.60138e-12 -4.64874e-10
-7.68585e-12 -4.73176e-10
-8.00996e-12 -4.81473e-10
-9.16963e-12 -4.89755e-10
-1.02735e-11 -4.98037e-10
-1.04954e-11 -5.06335e-10
-1.04813e-11 -5.14639e-10
-9.68106e-12 -5.22957e-10
-9.6914e-12 -5.31259e-10
-1.03466e-11 -5.3955e-10
-1.13925e-11 -5.47832e-10
-1.27931e-11 -5.56104e-10
-1.29372e-11 -5.64404e-10
-1.27657e-11 -5.72711e-10
-1.21239e-11 -5.81027e-10
-1.18904e-11 -5.89335e-10
-1.29328e-11 -5.97616e-10
-1.39827e-11 -6.05895e-10
-1.54285e-11 -6.14163e-10
-1.57572e-11 -6.22458e-10
-1.52121e-11 -6.30775e-10
-1.48187e-11 -6.39087e-10
-1.44254e-11 -6.47398e-10
-1.56457e-11 -6.55673e-10
-1.69932e-11 -6.63942e-10
-1.82183e-11 -6.72213e-10
-1.88405e-11 -6.80499e-10
-1.7969e-11 -6.88826e-10
-1.76256e-11 -6.97137e-10
-1.73868e-11 -7.05446e-10
-1.84864e-11 -7.1372e-10
-2.03256e-11 -7.21974e-10
-2.13172e-11 -7.30248e-10
-2.20317e-11 -7.3853e-10
-2.11419e-11 -7.46859e-10
-2.05184e-11 -7.55179e-10
-2.07085e-11 -7.63477e-10
-2.16031e-11 -7.71755e-10
-2.38055e-11 -7.79993e-10
-2.48531e-11 -7.88264e-10
-2.52889e-11 -7.96553e-10
-2.46764e-11 -8.04875e-10
-2.36336e-11 -8.13209e-10
-2.42104e-11 -8.21495e-10
-2.51618e-11 -8.29769e-10
-2.73511e-11 -8.38003e-10
-2.87888e-11 -8.46258e-10
-2.87449e-11 -8.54563e-10
-2.83873e-11 -8.62878e-10
-2.71574e-11 -8.7122e-10
-2.77665e-11 -8.79503e-10
-2.91774e-11 -8.8776e-10
-3.10722e-11 -8.95999e-10
-3.29328e-11 -9.04236e-10
-3.25975e-11 -9.12552e-10
-3.21272e-11 -9.20871e-10
-3.11449e-11 -9.29208e-10
-3.1443e-11 -9.375e-10
-3.34767e-11 -9.45732e-10
-3.51843e-11 -9.53974e-10
-3.71111e-11 -9.62204e-10
-3.69183e-11 -9.70515e-10
-3.59403e-11 -9.78855e-10
-3.54473e-11 -9.87175e-10
-3.54594e-11 -9.95477e-10
-3.78478e-11 -1.00369e-09
-3.9804e-11 -1.01192e-09
-4.13435e-11 -1.02016e-09
-4.15634e-11 -1.02846e-09
-4.00443e-11 -1.03682e-09
-3.98344e-11 -1.04513e-09
-3.99886e-11 -1.05343e-09
-4.22492e-11 -1.06164e-09
-4.48178e-11 -1.06984e-09
-4.58471e-11 -1.0781e-09
-4.6289e-11 -1.08638e-09
-4.46365e-11 -1.09476e-09
-4.42145e-11 -1.10307e-09
-4.49795e-11 -1.11135e-09
-4.68723e-11 -1.11957e-09
-4.9967e-11 -1.12774e-09
-5.08424e-11 -1.136e-09
-5.09797e-11 -1.1443e-09
-4.9697e-11 -1.15266e-09
-4.8743e-11 -1.161e-09
-5.01818e-11 -1.16925e-09
-5.1977e-11 -1.17747e-09
-5.50875e-11 -1.18563e-09
-5.63344e-11 -1.19388e-09
-5.57764e-11 -1.20221e-09
-5.49847e-11 -1.21055e-09
-5.36977e-11 -1.21891e-09
-5.53729e-11 -1.22713e-09
-5.76411e-11 -1.23533e-09
-6.02817e-11 -1.24351e-09
-6.20835e-11 -1.25172e-09
-6.09647e-11 -1.26008e-09
-6.02502e-11 -1.26842e-09
-5.92207e-11 -1.27677e-09
-6.05807e-11 -1.28501e-09
-6.36639e-11 -1.29316e-09
-6.58432e-11 -1.30136e-09
-6.78148e-11 -1.30956e-09
-6.67109e-11 -1.31792e-09
-6.5478e-11 -1.32628e-09
-6.51664e-11 -1.3346e-09
-6.60822e-11 -1.34286e-09
-6.97362e-11 -1.35098e-09
-7.1986e-11 -1.35916e-09
-7.34813e-11 -1.36739e-09
-7.28888e-11 -1.37572e-09
-7.09257e-11 -1.38413e-09
-7.12174e-11 -1.39241e-09
-7.21563e-11 -1.40067e-09
-7.57328e-11 -1.40878e-09
-7.86262e-11 -1.41693e-09
-7.93301e-11 -1.42519e-09
-7.91752e-11 -1.4335e-09
-7.68999e-11 -1.44193e-09
-7.71774e-11 -1.45022e-09
-7.88119e-11 -1.45843e-09
-8.18511e-11 -1.46657e-09
-8.54366e-11 -1.47467e-09
-8.5687e-11 -1.48296e-09
-8.53438e-11 -1.49128e-09
-8.34659e-11 -1.49969e-09
-8.31738e-11 -1.50801e-09
-8.57559e-11 -1.51617e-09
-8.84457e-11 -1.52431e-09
-9.21429e-11 -1.5324e-09
-9.26474e-11 -1.54067e-09
-9.14916e-11 -1.54904e-09
-9.03657e-11 -1.55741e-09
-8.9563e-11 -1.56576e-09
-9.26534e-11 -1.57388e-09
-9.56946e-11 -1.58201e-09
-9.87922e-11 -1.59012e-09
-9.99653e-11 -1.59835e-09
-9.79717e-11 -1.60678e-09
-9.72398e-11 -1.61512e-09
-9.66054e-11 -1.62346e-09
-9.94489e-11 -1.63159e-09
-1.03412e-10 -1.63965e-09
-1.05732e-10 -1.64781e-09
-1.07262e-10 -1.65601e-09
-1.05075e-10 -1.66446e-09
-1.03965e-10 -1.67283e-09
-1.04208e-10 -1.68111e-09
-1.06442e-10 -1.68928e-09
-1.11201e-10 -1.69727e-09
-1.13295e-10 -1.70544e-09
-1.14379e-10 -1.71367e-09
-1.12749e-10 -1.72208e-09
-1.10793e-10 -1.73051e-09
-1.11989e-10 -1.73874e-09
-1.14025e-10 -1.74691e-09
-1.18817e-10 -1.75489e-09
-1.21477e-10 -1.76301e-09
-1.21545e-10 -1.77131e-09
-1.20622e-10 -1.77968e-09
-1.18134e-10 -1.78815e-09
-1.19624e-10 -1.79635e-09
-1.22309e-10 -1.80447e-09
-1.2642e-10 -1.81249e-09
-1.29916e-10 -1.82055e-09
-1.29181e-10 -1.8289e-09
-1.28337e-10 -1.83727e-09
-1.26183e-10 -1.84572e-09
-1.2716e-10 -1.85395e-09
-1.30999e-10 -1.86199e-09
-1.34439e-10 -1.87005e-09
-1.38214e-10 -1.87808e-09
-1.37517e-10 -1.88643e-09
-1.3589e-10 -1.89485e-09
-1.34716e-10 -1.90324e-09
-1.35e-10 -1.91152e-09
-1.39649e-10 -1.91949e-09
-1.43182e-10 -1.92753e-09
-1.46315e-10 -1.9356e-09
-1.46353e-10 -1.9439e-09
-1.4366e-10 -1.95241e-09
-1.4328e-10 -1.96074e-09
-1.4354e-10 -1.96902e-09
-1.48082e-10 -1.97699e-09
-1.52528e-10 -1.98495e-09
-1.54577e-10 -1.9931e-09
-1.55228e-10 -2.00135e-09
-1.52074e-10 -2.00989e-09
-1.51606e-10 -2.01823e-09
-1.52788e-10 -2.02644e-09
-1.56573e-10 -2.03446e-09
-1.62017e-10 -2.04234e-09
-1.63455e-10 -2.05053e-09
-1.63839e-10 -2.0588e-09
-1.61204e-10 -2.06731e-09
-1.59883e-10 -2.07571e-09
-1.62336e-10 -2.08383e-09
-1.65618e-10 -2.09187e-09
-1.71267e-10 -2.09972e-09
-1.73073e-10 -2.10788e-09
-1.72333e-10 -2.11624e-09
-1.70682e-10 -2.12468e-09
-1.68603e-10 -2.13314e-09
-1.71724e-10 -2.1412e-09
-1.75464e-10 -2.1492e-09
-1.80345e-10 -2.1571e-09
-1.83086e-10 -2.16517e-09
-1.81201e-10 -2.17363e-09
-1.80023e-10 -2.18203e-09
-1.78112e-10 -2.19049e-09
-1.80875e-10 -2.19857e-09
-1.85863e-10 -2.20645e-09
-1.89723e-10 -2.21443e-09
-1.9298e-10 -2.22245e-09
-1.90826e-10 -2.23094e-09
-1.89072e-10 -2.23939e-09
-1.88281e-10 -2.24776e-09
-1.90192e-10 -2.2559e-09
-1.9628e-10 -2.26369e-09
-1.99853e-10 -2.27168e-09
-2.02548e-10 -2.27974e-09
-2.01121e-10 -2.28817e-09
-1.98177e-10 -2.29673e-09
-1.98596e-10 -2.305e-09
-2.00201e-10 -2.31316e-09
-2.06384e-10 -2.32092e-09
-2.10729e-10 -2.32884e-09
-2.12104e-10 -2.33701e-09
-2.11584e-10 -2.34537e-09
-2.07882e-10 -2.354e-09
-2.08628e-10 -2.36223e-09
-2.11053e-10 -2.37032e-09
-2.16378e-10 -2.37814e-09
-2.21872e-10 -2.38594e-09
-2.22208e-10 -2.39422e-09
-2.21751e-10 -2.40256e-09
-2.18431e-10 -2.41117e-09
-2.18447e-10 -2.41947e-09
-2.22367e-10 -2.42741e-09
-2.26828e-10 -2.4353e-09
-2.32758e-10 -2.44305e-09
-2.3315e-10 -2.45132e-09
-2.31633e-10 -2.45976e-09
-2.29521e-10 -2.46826e-09
-2.28575e-10 -2.47665e-09
-2.33559e-10 -2.48449e-09
-2.38144e-10 -2.49236e-09
-2.43312e-10 -2.50016e-09
-2.44664e-10 -2.50834e-09
-2.41729e-10 -2.51692e-09
-2.40563e-10 -2.52534e-09
-2.39526e-10 -2.53374e-09
-2.44392e-10 -2.54158e-09
-2.50176e-10 -2.54932e-09
-2.53997e-10 -2.55724e-09
-2.56151e-10 -2.56533e-09
-2.52583e-10 -2.57399e-09
-2.51223e-10 -2.58242e-09
-2.5131e-10 -2.59072e-09
-2.55213e-10 -2.59864e-09
-2.62336e-10 -2.60623e-09
-2.65402e-10 -2.61423e-09
-2.67225e-10 -2.62235e-09
-2.64275e-10 -2.63095e-09
-2.61746e-10 -2.6395e-09
-2.63408e-10 -2.64764e-09
-2.66655e-10 -2.65562e-09
-2.7413e-10 -2.66316e-09
-2.77686e-10 -2.67109e-09
-2.78087e-10 -2.67936e-09
-2.76327e-10 -2.68784e-09
-2.72759e-10 -2.69651e-09
-2.75236e-10 -2.70456e-09
-2.79045e-10 -2.71247e-09
-2.85629e-10 -2.72009e-09
-2.9041e-10 -2.72789e-09
-2.8936e-10 -2.7363e-09
-2.88125e-10 -2.74474e-09
-2.84697e-10 -2.7534e-09
-2.86692e-10 -2.76149e-09
-2.92082e-10 -2.76923e-09
-2.9743e-10 -2.77696e-09
-3.02924e-10 -2.78467e-09
-3.01523e-10 -2.79313e-09
-2.99489e-10 -2.80165e-09
-2.97388e-10 -2.81018e-09
-2.98277e-10 -2.81839e-09
-3.05092e-10 -2.82596e-09
-3.10104e-10 -2.83372e-09
-3.14967e-10 -2.84149e-09
-3.14455e-10 -2.84985e-09
-3.10862e-10 -2.85854e-09
-3.10191e-10 -2.86692e-09
-3.10648e-10 -2.87517e-09
-3.17654e-10 -2.88271e-09
-3.2366e-10 -2.89034e-09
-3.26932e-10 -2.89828e-09
-3.27525e-10 -2.90652e-09
-3.22921e-10 -2.91534e-09
-3.22576e-10 -2.92367e-09
-3.24005e-10 -2.93182e-09
-3.30002e-10 -2.93945e-09
-3.37505e-10 -2.94691e-09
-3.39515e-10 -2.95498e-09
-3.4016e-10 -2.96321e-09
-3.35956e-10 -2.97199e-09
-3.3463e-10 -2.98044e-09
-3.37883e-10 -2.98838e-09
-3.42837e-10 -2.99612e-09
-3.50984e-10 -3.00348e-09
-3.53077e-10 -3.01154e-09
-3.52384e-10 -3.01992e-09
-3.49585e-10 -3.02855e-09
-3.46998e-10 -3.03715e-09
-3.51563e-10 -3.04492e-09
-3.56674e-10 -3.05263e-09
-3.63994e-10 -3.06007e-09
-3.67287e-10 -3.06799e-09
-3.6482e-10 -3.07658e-09
-3.63084e-10 -3.08509e-09
-3.60305e-10 -3.09372e-09
-3.64743e-10 -3.1015e-09
-3.71349e-10 -3.10902e-09
-3.77098e-10 -3.11663e-09
-3.81409e-10 -3.12441e-09
-3.78127e-10 -3.13312e-09
-3.76052e-10 -3.14167e-09
-3.7457e-10 -3.15015e-09
-3.77835e-10 -3.15806e-09
-3.8615e-10 -3.16536e-09
-3.91018e-10 -3.17306e-09
-3.94972e-10 -3.18088e-09
-3.92392e-10 -3.1895e-09
-3.88799e-10 -3.19824e-09
-3.89162e-10 -3.2065e-09
-3.91608e-10 -3.2145e-09
-4.00463e-10 -3.22172e-09
-4.0596e-10 -3.22933e-09
-4.08224e-10 -3.23735e-09
-4.07024e-10 -3.24581e-09
-4.02081e-10 -3.25473e-09
-4.03373e-10 -3.26287e-09
-4.06473e-10 -3.27078e-09
-4.14356e-10 -3.2781e-09
-4.21398e-10 -3.28551e-09
-4.21921e-10 -3.29374e-09
-4.21285e-10 -3.30213e-09
-4.1642e-10 -3.31105e-09
-4.17076e-10 -3.31927e-09
-4.22082e-10 -3.32694e-09
-4.28541e-10 -3.33441e-09
-4.36544e-10 -3.34168e-09
-4.36639e-10 -3.34997e-09
-4.34969e-10 -3.35849e-09
-4.316e-10 -3.36723e-09
-4.30868e-10 -3.37562e-09
-4.37631e-10 -3.38306e-09
-4.43716e-10 -3.39057e-09
-4.51076e-10 -3.3979e-09
-4.52226e-10 -3.40605e-09
-4.48615e-10 -3.41483e-09
-4.46854e-10 -3.42337e-09
-4.45537e-10 -3.43184e-09
-4.52598e-10 -3.43922e-09
-4.59912e-10 -3.44655e-09
-4.65455e-10 -3.45411e-09
-4.67924e-10 -3.46208e-09
-4.63033e-10 -3.47104e-09
-4.61553e-10 -3.47954e-09
-4.61329e-10 -3.48787e-09
-4.67245e-10 -3.49539e-09
-4.76434e-10 -3.50245e-09
-4.80517e-10 -3.5102e-09
-4.8305e-10 -3.51816e-09
-4.78555e-10 -3.52707e-09
-4.75802e-10 -3.53575e-09
-4.77702e-10 -3.54379e-09
-4.82397e-10 -3.55146e-09
-4.92492e-10 -3.55838e-09
-4.96699e-10 -3.5661e-09
-4.97641e-10 -3.57427e-09
-4.94719e-10 -3.58298e-09
-4.90368e-10 -3.59188e-09
-4.93805e-10 -3.59971e-09
-4.98684e-10 -3.60734e-09
-5.07942e-10 -3.61435e-09
-5.13614e-10 -3.62186e-09
-5.12437e-10 -3.63033e-09
-5.10666e-10 -3.63888e-09
-5.0599e-10 -3.64784e-09
-5.09267e-10 -3.65568e-09
-5.15938e-10 -3.66305e-09
-5.23438e-10 -3.67029e-09
-5.30387e-10 -3.6776e-09
-5.28216e-10 -3.68621e-09
-5.25934e-10 -3.69484e-09
-5.22686e-10 -3.7036e-09
-5.24562e-10 -3.71164e-09
-5.33325e-10 -3.71869e-09
-5.39839e-10 -3.72606e-09
-5.46461e-10 -3.7334e-09
-5.4507e-10 -3.74191e-09
-5.40895e-10 -3.75081e-09
-5.39718e-10 -3.75929e-09
-5.40591e-10 -3.76746e-09
-5.5011e-10 -3.77439e-09
-5.57408e-10 -3.78162e-09
-5.62119e-10 -3.78923e-09
-5.623e-10 -3.79751e-09
-5.56439e-10 -3.80667e-09
-5.56257e-10 -3.815e-09
-5.5785e-10 -3.82307e-09
-5.66347e-10 -3.83012e-09
-5.75543e-10 -3.83706e-09
-5.78251e-10 -3.84495e-09
-5.79041e-10 -3.85314e-09
-5.73166e-10 -3.86232e-09
-5.72152e-10 -3.87077e-09
-5.75955e-10 -3.87851e-09
-5.82855e-10 -3.88578e-09
-5.93316e-10 -3.8925e-09
-5.95533e-10 -3.90047e-09
-5.95063e-10 -3.90885e-09
-5.90818e-10 -3.91779e-09
-5.88095e-10 -3.9265e-09
-5.9397e-10 -3.93392e-09
-6.00464e-10 -3.94124e-09
-6.10332e-10 -3.94803e-09
-6.13789e-10 -3.9558e-09
-6.11e-10 -3.96453e-09
-6.08498e-10 -3.97322e-09
-6.05001e-10 -3.98205e-09
-6.11274e-10 -3.9894e-09
-6.19237e-10 -3.99647e-09
-6.27114e-10 -4.00355e-09
-6.32136e-10 -4.01106e-09
-6.27791e-10 -4.02005e-09
-6.25483e-10 -4.02871e-09
-6.23164e-10 -4.03737e-09
-6.28146e-10 -4.0449e-09
-6.38385e-10 -4.0516e-09
-6.44636e-10 -4.05892e-09
-6.49779e-10 -4.0664e-09
-6.45813e-10 -4.07534e-09
-6.41902e-10 -4.08426e-09
-6.41964e-10 -4.09255e-09
-6.45536e-10 -4.10029e-09
-6.56983e-10 -4.10678e-09
-6.63417e-10 -4.11405e-09
-6.6676e-10 -4.12181e-09
-6.64521e-10 -4.13048e-09
-6.58642e-10 -4.13972e-09
-6.60419e-10 -4.14774e-09
-6.64188e-10 -4.15544e-09
-6.74834e-10 -4.16203e-09
-6.83027e-10 -4.16899e-09
-6.83935e-10 -4.17715e-09
-6.82924e-10 -4.18562e-09
-6.76549e-10 -4.19496e-09
-6.78094e-10 -4.20301e-09
-6.83935e-10 -4.21036e-09
-6.92672e-10 -4.21724e-09
-7.02456e-10 -4.22393e-09
-7.02202e-10 -4.23227e-09
-7.00498e-10 -4.24086e-09
-6.95641e-10 -4.24996e-09
-6.9552e-10 -4.25828e-09
-7.03833e-10 -4.26522e-09
-7.11496e-10 -4.27225e-09
-7.21049e-10 -4.27895e-09
-7.21663e-10 -4.28716e-09
-7.1768e-10 -4.29613e-09
-7.15072e-10 -4.30486e-09
-7.13729e-10 -4.31339e-09
-7.23021e-10 -4.32014e-09
-7.31635e-10 -4.327e-09
-7.39117e-10 -4.33403e-09
-7.41512e-10 -4.34193e-09
-7.35493e-10 -4.35125e-09
-7.33893e-10 -4.35982e-09
-7.33304e-10 -4.36822e-09
-7.41532e-10 -4.37514e-09
-7.52422e-10 -4.38158e-09
-7.57679e-10 -4.38898e-09
-7.60759e-10 -4.39675e-09
-7.54612e-10 -4.40612e-09
-7.51933e-10 -4.41488e-09
-7.53821e-10 -4.42286e-09
-7.60283e-10 -4.43005e-09
-7.72792e-10 -4.43619e-09
-7.77516e-10 -4.44367e-09
-7.79143e-10 -4.45169e-09
-7.74734e-10 -4.46076e-09
-7.69981e-10 -4.46989e-09
-7.7422e-10 -4.47746e-09
-7.80238e-10 -4.48471e-09
-7.92268e-10 -4.49091e-09
-7.98442e-10 -4.49812e-09
-7.97394e-10 -4.50661e-09
-7.94833e-10 -4.51537e-09
-7.89077e-10 -4.52468e-09
-7.9378e-10 -4.53216e-09
-8.01502e-10 -4.5391e-09
-8.11419e-10 -4.54564e-09
-8.19449e-10 -4.55251e-09
-8.16579e-10 -4.56133e-09
-8.14094e-10 -4.57008e-09
-8.09557e-10 -4.57918e-09
-8.12796e-10 -4.58691e-09
-8.23201e-10 -4.59336e-09
-8.31355e-10 -4.60019e-09
-8.39629e-10 -4.607e-09
-8.3712e-10 -4.61576e-09
-8.32673e-10 -4.62486e-09
-8.30723e-10 -4.63352e-09
-8.32337e-10 -4.64153e-09
-8.44274e-10 -4.64767e-09
-8.5269e-10 -4.65444e-09
-8.59016e-10 -4.66159e-09
-8.58391e-10 -4.67001e-09
-8.51578e-10 -4.67955e-09
-8.51466e-10 -4.68788e-09
-8.5326e-10 -4.69585e-09
-8.64462e-10 -4.7021e-09
-8.74961e-10 -4.70847e-09
-8.7858e-10 -4.7161e-09
-8.7927e-10 -4.72428e-09
-8.71761e-10 -4.73397e-09
-8.71287e-10 -4.74236e-09
-8.75406e-10 -4.7499e-09
-8.8457e-10 -4.7565e-09
-8.97029e-10 -4.76248e-09
-8.99339e-10 -4.77035e-09
-8.9917e-10 -4.77868e-09
-8.93232e-10 -4.7881e-09
-8.9078e-10 -4.79686e-09
-8.97724e-10 -4.80386e-09
-9.05734e-10 -4.81066e-09
-9.18129e-10 -4.81662e-09
-9.21417e-10 -4.8243e-09
-9.18593e-10 -4.83314e-09
-9.15035e-10 -4.84212e-09
-9.11103e-10 -4.85116e-09
-9.1923e-10 -4.85793e-09
-9.28361e-10 -4.86449e-09
-9.38592e-10 -4.87083e-09
-9.43904e-10 -4.87811e-09
-9.38692e-10 -4.88742e-09
-9.36108e-10 -4.89622e-09
-9.32919e-10 -4.90513e-09
-9.39927e-10 -4.91209e-09
-9.51731e-10 -4.91812e-09
-9.59555e-10 -4.92491e-09
-9.65681e-10 -4.93202e-09
-9.60219e-10 -4.94139e-09
-9.56264e-10 -4.95046e-09
-9.55768e-10 -4.95885e-09
-9.60828e-10 -4.96618e-09
-9.74642e-10 -4.97179e-09
-9.81918e-10 -4.97866e-09
-9.86453e-10 -4.98607e-09
-9.82822e-10 -4.99509e-09
-9.76389e-10 -5.00466e-09
-9.78469e-10 -5.01255e-09
-9.83028e-10 -5.01996e-09
-9.96525e-10 -5.0256e-09
-1.00549e-09 -5.03212e-09
-1.00704e-09 -5.04012e-09
-1.00535e-09 -5.04876e-09
-9.97646e-10 -5.05859e-09
-1.0002e-09 -5.06638e-09
-1.00668e-09 -5.0734e-09
-1.01799e-09 -5.07945e-09
-1.02915e-09 -5.08551e-09
-1.02863e-09 -5.09392e-09
-1.02689e-09 -5.10257e-09
-1.02041e-09 -5.11218e-09
-1.02128e-09 -5.1203e-09
-1.03084e-09 -5.12669e-09
-1.04026e-09 -5.13309e-09
-1.05187e-09 -5.13903e-09
-1.05171e-09 -5.14737e-09
-1.04764e-09 -5.1565e-09
-1.04389e-09 -5.16556e-09
-1.04289e-09 -5.17406e-09
-1.0543e-09 -5.18005e-09
-1.06408e-09 -5.18636e-09
-1.07367e-09 -5.19269e-09
-1.07557e-09 -5.2006e-09
-1.06872e-09 -5.21031e-09
-1.06687e-09 -5.219e-09
-1.06599e-09 -5.22748e-09
-1.07674e-09 -5.23357e-09
-1.08895e-09 -5.23935e-09
-1.09561e-09 -5.24627e-09
-1.09895e-09 -5.25388e-09
-1.09119e-09 -5.2638e-09
-1.08878e-09 -5.2726e-09
-1.09044e-09 -5.28056e-09
-1.09902e-09 -5.28708e-09
-1.11361e-09 -5.29233e-09
-1.11885e-09 -5.29953e-09
-1.1212e-09 -5.30734e-09
-1.11504e-09 -5.31694e-09
-1.11029e-09 -5.32623e-09
-1.11508e-09 -5.33353e-09
-1.12242e-09 -5.3403e-09
-1.13719e-09 -5.34548e-09
-1.14354e-09 -5.35243e-09
-1.14289e-09 -5.36087e-09
-1.13921e-09 -5.36996e-09
-1.13268e-09 -5.37964e-09
-1.1388e-09 -5.38665e-09
-1.14743e-09 -5.39312e-09
-1.16e-09 -5.39874e-09
-1.16867e-09 -5.40517e-09
-1.1653e-09 -5.41421e-09
-1.16252e-09 -5.42311e-09
-1.15668e-09 -5.43266e-09
-1.16159e-09 -5.43991e-09
-1.17329e-09 -5.4457e-09
-1.18331e-09 -5.45183e-09
-1.19299e-09 -5.45803e-09
-1.18925e-09 -5.46715e-09
-1.18478e-09 -5.47643e-09
-1.18179e-09 -5.48537e-09
-1.18455e-09 -5.49308e-09
-1.19866e-09 -5.49832e-09
-1.20814e-09 -5.50455e-09
-1.21617e-09 -5.51109e-09
-1.21436e-09 -5.51979e-09
-1.20697e-09 -5.52971e-09
-1.20672e-09 -5.53807e-09
-1.20888e-09 -5.5459e-09
-1.22287e-09 -5.55113e-09
-1.23431e-09 -5.55691e-09
-1.2391e-09 -5.56415e-09
-1.23934e-09 -5.5724e-09
-1.23038e-09 -5.58269e-09
-1.23055e-09 -5.59095e-09
-1.23482e-09 -5.59831e-09
-1.24656e-09 -5.60401e-09
-1.2606e-09 -5.60918e-09
-1.26311e-09 -5.61692e-09
-1.26319e-09 -5.62521e-09
-1.25541e-09 -5.63525e-09
-1.25361e-09 -5.64395e-09
-1.26132e-09 -5.65053e-09
-1.27109e-09 -5.65665e-09
-1.28584e-09 -5.66162e-09
-1.28873e-09 -5.66927e-09
-1.28613e-09 -5.67816e-09
-1.28118e-09 -5.68758e-09
-1.27721e-09 -5.69678e-09
-1.28706e-09 -5.70286e-09
-1.29728e-09 -5.70885e-09
-1.31002e-09 -5.71424e-09
-1.31518e-09 -5.72137e-09
-1.3094e-09 -5.73099e-09
-1.30636e-09 -5.73999e-09
-1.30241e-09 -5.74919e-09
-1.31165e-09 -5.75539e-09
-1.32466e-09 -5.76071e-09
-1.33431e-09 -5.76679e-09
-1.34108e-09 -5.77353e-09
-1.33417e-09 -5.78343e-09
-1.33034e-09 -5.79262e-09
-1.32907e-09 -5.80121e-09
-1.33601e-09 -5.80791e-09
-1.35184e-09 -5.81255e-09
-1.36e-09 -5.81896e-09
-1.36572e-09 -5.82592e-09
-1.36041e-09 -5.83547e-09
-1.35383e-09 -5.8453e-09
-1.35594e-09 -5.85311e-09
-1.36153e-09 -5.86011e-09
-1.37782e-09 -5.86461e-09
-1.38726e-09 -5.87069e-09
-1.3897e-09 -5.87842e-09
-1.38696e-09 -5.88737e-09
-1.37824e-09 -5.89772e-09
-1.38179e-09 -5.90519e-09
-1.38881e-09 -5.91184e-09
-1.40292e-09 -5.91682e-09
-1.41501e-09 -5.92224e-09
-1.41444e-09 -5.93069e-09
-1.41252e-09 -5.93945e-09
-1.40439e-09 -5.94968e-09
-1.40657e-09 -5.95746e-09
-1.41704e-09 -5.96328e-09
-1.4285e-09 -5.96885e-09
-1.44188e-09 -5.97394e-09
-1.44084e-09 -5.9825e-09
-1.4369e-09 -5.99175e-09
-1.43172e-09 -6.00129e-09
-1.43148e-09 -6.00965e-09
-1.44476e-09 -6.01477e-09
-1.45571e-09 -6.02043e-09
-1.46746e-09 -6.02589e-09
-1.46846e-09 -6.03395e-09
-1.46117e-09 -6.04402e-09
-1.45881e-09 -6.05289e-09
-1.45786e-09 -6.06142e-09
-1.4712e-09 -6.0665e-09
-1.4844e-09 -6.07159e-09
-1.49273e-09 -6.07786e-09
-1.49592e-09 -6.08538e-09
-1.48673e-09 -6.09593e-09
-1.48468e-09 -6.10473e-09
-1.48596e-09 -6.11272e-09
-1.49701e-09 -6.11833e-09
-1.51325e-09 -6.12263e-09
-1.51913e-09 -6.12948e-09
-1.5221e-09 -6.13705e-09
-1.51402e-09 -6.14736e-09
-1.50967e-09 -6.15673e-09
-1.51469e-09 -6.16379e-09
-1.52366e-09 -6.16988e-09
-1.54096e-09 -6.17389e-09
-1.54728e-09 -6.18062e-09
-1.54726e-09 -6.18893e-09
-1.54209e-09 -6.19852e-09
-1.5352e-09 -6.20853e-09
-1.54261e-09 -6.215e-09
-1.55212e-09 -6.22093e-09
-1.56749e-09 -6.22538e-09
-1.57633e-09 -6.23146e-09
-1.57276e-09 -6.24066e-09
-1.56946e-09 -6.2498e-09
-1.56244e-09 -6.25986e-09
-1.56924e-09 -6.26645e-09
-1.5819e-09 -6.27157e-09
-1.59407e-09 -6.2768e-09
-1.60477e-09 -6.28238e-09
-1.59985e-09 -6.29194e-09
-1.59548e-09 -6.30135e-09
-1.59124e-09 -6.31072e-09
-1.59556e-09 -6.31793e-09
-1.61149e-09 -6.32219e-09
-1.62212e-09 -6.32778e-09
-1.6318e-09 -6.3336e-09
-1.62851e-09 -6.34275e-09
-1.62095e-09 -6.35299e-09
-1.62025e-09 -6.36147e-09
-1.62309e-09 -6.36904e-09
-1.63979e-09 -6.37307e-09
-1.65189e-09 -6.37825e-09
-1.65809e-09 -6.38495e-09
-1.65745e-09 -6.39342e-09
-1.64738e-09 -6.40432e-09
-1.64814e-09 -6.41243e-09
-1.6525e-09 -6.4196e-09
-1.66708e-09 -6.42414e-09
-1.68223e-09 -6.42849e-09
-1.68515e-09 -6.43603e-09
-1.68529e-09 -6.4443e-09
-1.67565e-09 -6.45512e-09
-1.67483e-09 -6.46363e-09
-1.68297e-09 -6.46982e-09
-1.69482e-09 -6.47503e-09
-1.71161e-09 -6.47891e-09
-1.714e-09 -6.48659e-09
-1.7118e-09 -6.49548e-09
-1.70517e-09 -6.50552e-09
-1.70161e-09 -6.51475e-09
-1.71292e-09 -6.52009e-09
-1.72429e-09 -6.52539e-09
-1.73957e-09 -6.52964e-09
-1.74416e-09 -6.53673e-09
-1.73818e-09 -6.54663e-09
-1.7344e-09 -6.55593e-09
-1.72994e-09 -6.56541e-09
-1.74148e-09 -6.57066e-09
-1.75539e-09 -6.57526e-09
-1.76714e-09 -6.58042e-09
-1.77411e-09 -6.58685e-09
-1.76593e-09 -6.59735e-09
-1.76226e-09 -6.60663e-09
-1.76011e-09 -6.61551e-09
-1.76929e-09 -6.62136e-09
-1.78671e-09 -6.62498e-09
-1.7959e-09 -6.63081e-09
-1.80266e-09 -6.63728e-09
-1.7955e-09 -6.64752e-09
-1.78915e-09 -6.65754e-09
-1.79097e-09 -6.66535e-09
-1.79795e-09 -6.67177e-09
-1.81682e-09 -6.67496e-09
-1.82652e-09 -6.68062e-09
-1.83007e-09 -6.68795e-09
-1.82587e-09 -6.69741e-09
-1.81657e-09 -6.70823e-09
-1.82094e-09 -6.71535e-09
-1.82853e-09 -6.72159e-09
-1.8456e-09 -6.72523e-09
-1.85814e-09 -6.73008e-09
-1.85781e-09 -6.73848e-09
-1.85544e-09 -6.74744e-09
-1.84581e-09 -6.75838e-09
-1.84951e-09 -6.76566e-09
-1.86057e-09 -6.77093e-09
-1.87438e-09 -6.77543e-09
-1.88911e-09 -6.77964e-09
-1.88723e-09 -6.78847e-09
-1.88352e-09 -6.79781e-09
-1.8767e-09 -6.80799e-09
-1.87767e-09 -6.81602e-09
-1.89246e-09 -6.82024e-09
-1.90471e-09 -6.82513e-09
-1.91854e-09 -6.82956e-09
-1.91833e-09 -6.83793e-09
-1.91096e-09 -6.8483e-09
-1.90778e-09 -6.85748e-09
-1.9071e-09 -6.86597e-09
-1.92295e-09 -6.86985e-09
-1.9369e-09 -6.87424e-09
-1.94712e-09 -6.87966e-09
-1.9497e-09 -6.88723e-09
-1.93943e-09 -6.89844e-09
-1.93764e-09 -6.90724e-09
-1.93853e-09 -6.91529e-09
-1.95231e-09 -6.91971e-09
-1.96974e-09 -6.92308e-09
-1.9765e-09 -6.92946e-09
-1.97984e-09 -6.93681e-09
-1.96984e-09 -6.94796e-09
-1.96618e-09 -6.9573e-09
-1.97112e-09 -6.9642e-09
-1.98208e-09 -6.96939e-09
-2.00158e-09 -6.97212e-09
-2.00777e-09 -6.97865e-09
-2.00853e-09 -6.98674e-09
-2.00154e-09 -6.99704e-09
-1.99476e-09 -7.00728e-09
-2.00317e-09 -7.01318e-09
-2.01368e-09 -7.01847e-09
-2.03186e-09 -7.02154e-09
-2.04046e-09 -7.02735e-09
-2.03704e-09 -7.03665e-09
-2.03289e-09 -7.04615e-09
-2.02497e-09 -7.05673e-09
-2.03371e-09 -7.06252e-09
-2.04706e-09 -7.06696e-09
-2.06166e-09 -7.07102e-09
-2.07291e-09 -7.07604e-09
-2.06699e-09 -7.08608e-09
-2.06273e-09 -7.09562e-09
-2.05713e-09 -7.10555e-09
-2.0634e-09 -7.11203e-09
-2.08073e-09 -7.11528e-09
-2.0927e-09 -7.12008e-09
-2.10384e-09 -7.1251e-09
-2.09887e-09 -7.13487e-09
-2.0915e-09 -7.14534e-09
-2.09003e-09 -7.15407e-09
-2.09394e-09 -7.16123e-09
-2.11312e-09 -7.16389e-09
-2.12573e-09 -7.16847e-09
-2.13351e-09 -7.17447e-09
-2.13157e-09 -7.18335e-09
-2.12081e-09 -7.19483e-09
-2.12197e-09 -7.20279e-09
-2.12651e-09 -7.20975e-09
-2.14406e-09 -7.21285e-09
-2.15986e-09 -7.21645e-09
-2.16349e-09 -7.22367e-09
-2.16336e-09 -7.23201e-09
-2.15202e-09 -7.24369e-09
-2.15236e-09 -7.25189e-09
-2.16066e-09 -7.25773e-09
-2.17493e-09 -7.26177e-09
-2.19332e-09 -7.26454e-09
-2.19526e-09 -7.27226e-09
-2.19352e-09 -7.28109e-09
-2.18497e-09 -7.29196e-09
-2.18229e-09 -7.30107e-09
-2.1947e-09 -7.30565e-09
-2.20739e-09 -7.31012e-09
-2.22511e-09 -7.31306e-09
-2.2288e-09 -7.32024e-09
-2.22298e-09 -7.33032e-09
-2.2181e-09 -7.3401e-09
-2.21351e-09 -7.34978e-09
-2.22726e-09 -7.35393e-09
-2.24187e-09 -7.35779e-09
-2.25594e-09 -7.3618e-09
-2.26262e-09 -7.36806e-09
-2.2535e-09 -7.37915e-09
-2.24988e-09 -7.38856e-09
-2.24685e-09 -7.39778e-09
-2.25855e-09 -7.40252e-09
-2.27711e-09 -7.40514e-09
-2.28758e-09 -7.41021e-09
-2.29509e-09 -7.4162e-09
-2.28606e-09 -7.42729e-09
-2.28022e-09 -7.43739e-09
-2.28144e-09 -7.44531e-09
-2.29022e-09 -7.45092e-09
-2.31131e-09 -7.45271e-09
-2.32124e-09 -7.45793e-09
-2.32598e-09 -7.46476e-09
-2.31997e-09 -7.47493e-09
-2.31057e-09 -7.48614e-09
-2.31547e-09 -7.49293e-09
-2.3238e-09 -7.49865e-09
-2.34383e-09 -7.50072e-09
-2.3564e-09 -7.50509e-09
-2.35664e-09 -7.51332e-09
-2.35345e-09 -7.52263e-09
-2.34262e-09 -7.53431e-09
-2.34788e-09 -7.54097e-09
-2.35931e-09 -7.5457e-09
-2.37577e-09 -7.54884e-09
-2.39134e-09 -7.55223e-09
-2.38882e-09 -7.56133e-09
-2.38528e-09 -7.57076e-09
-2.37672e-09 -7.58175e-09
-2.37932e-09 -7.58923e-09
-2.39518e-09 -7.59254e-09
-2.40897e-09 -7.59648e-09
-2.42465e-09 -7.5998e-09
-2.42304e-09 -7.60862e-09
-2.41593e-09 -7.61919e-09
-2.41158e-09 -7.62886e-09
-2.41161e-09 -7.63715e-09
-2.42973e-09 -7.63971e-09
-2.4443e-09 -7.64337e-09
-2.45657e-09 -7.64774e-09
-2.45808e-09 -7.65556e-09
-2.44714e-09 -7.66737e-09
-2.44541e-09 -7.67622e-09
-2.44604e-09 -7.68432e-09
-2.46269e-09 -7.6873e-09
-2.48084e-09 -7.68977e-09
-2.48878e-09 -7.69551e-09
-2.49213e-09 -7.70274e-09
-2.48035e-09 -7.71484e-09
-2.47756e-09 -7.72404e-09
-2.48216e-09 -7.73086e-09
-2.4955e-09 -7.73487e-09
-2.51672e-09 -7.7363e-09
-2.52287e-09 -7.7426e-09
-2.52441e-09 -7.75041e-09
-2.51536e-09 -7.76165e-09
-2.50917e-09 -7.77195e-09
