0 0
1.07867e-13 -6.73454e-11
1.83242e-13 -1.34691e-10
-3.47978e-13 -2.02036e-10
-9.88127e-13 -2.6938e-10
-1.61956e-12 -3.36723e-10
-1.31861e-12 -4.0407e-10
-6.30517e-13 -4.71417e-10
-1.05559e-12 -5.38761e-10
-2.16659e-12 -6.06103e-10
-4.61454e-12 -6.73436e-10
-5.73217e-12 -7.40774e-10
-5.18738e-12 -8.08124e-10
-4.43975e-12 -8.75474e-10
-3.89269e-12 -9.42821e-10
-6.77412e-12 -1.01015e-09
-9.92171e-12 -1.07747e-09
-1.21359e-11 -1.14479e-09
-1.23978e-11 -1.21214e-09
-9.86573e-12 -1.27951e-09
-1.03443e-11 -1.34685e-09
-1.25387e-11 -1.41417e-09
-1.74265e-11 -1.48147e-09
-2.16196e-11 -1.54876e-09
-2.08402e-11 -1.61612e-09
-1.96903e-11 -1.68348e-09
-1.78015e-11 -1.75084e-09
-2.10963e-11 -1.81815e-09
-2.75605e-11 -1.88541e-09
-3.16604e-11 -1.9527e-09
-3.39748e-11 -2.02e-09
-3.03074e-11 -2.08741e-09
-2.90157e-11 -2.15477e-09
-3.20407e-11 -2.22207e-09
-3.80228e-11 -2.28932e-09
-4.63723e-11 -2.35652e-09
-4.71833e-11 -2.42385e-09
-4.52794e-11 -2.49123e-09
-4.26092e-11 -2.55862e-09
-4.38608e-11 -2.62595e-09
-5.32838e-11 -2.69312e-09
-6.01685e-11 -2.76032e-09
-6.48484e-11 -2.82757e-09
-6.24235e-11 -2.89497e-09
-5.77441e-11 -2.96241e-09
-6.08748e-11 -3.02969e-09
-6.70539e-11 -3.0969e-09
-7.87242e-11 -3.16398e-09
-8.39119e-11 -3.23119e-09
-8.11556e-11 -3.29861e-09
-7.8474e-11 -3.36602e-09
-7.64614e-11 -3.43341e-09
-8.65465e-11 -3.50051e-09
-9.75455e-11 -3.56757e-09
-1.04324e-10 -3.63473e-09
-1.05463e-10 -3.70205e-09
-9.7791e-11 -3.7696e-09
-9.89713e-11 -3.83691e-09
-1.05392e-10 -3.90409e-09
-1.18225e-10 -3.97107e-09
-1.2976e-10 -4.03806e-09
-1.2776e-10 -4.10547e-09
-1.24782e-10 -4.17291e-09
-1.20385e-10 -4.24038e-09
-1.27609e-10 -4.30751e-09
-1.43149e-10 -4.37437e-09
-1.52488e-10 -4.44141e-09
-1.57835e-10 -4.50857e-09
-1.50177e-10 -4.57618e-09
-1.46689e-10 -4.64363e-09
-1.53426e-10 -4.71076e-09
-1.65549e-10 -4.77769e-09
-1.82996e-10 -4.84441e-09
-1.85282e-10 -4.91167e-09
-1.81056e-10 -4.97918e-09
-1.76206e-10 -5.04669e-09
-1.7788e-10 -5.11398e-09
-1.96063e-10 -5.18066e-09
-2.09611e-10 -5.24748e-09
-2.18257e-10 -5.31448e-09
-2.14606e-10 -5.38198e-09
-2.05302e-10 -5.44968e-09
-2.10921e-10 -5.51681e-09
-2.21977e-10 -5.58372e-09
-2.42508e-10 -5.65022e-09
-2.52775e-10 -5.71712e-09
-2.47652e-10 -5.78469e-09
-2.43245e-10 -5.85222e-09
-2.39402e-10 -5.91972e-09
-2.55938e-10 -5.98637e-09
-2.75365e-10 -6.05286e-09
-2.86565e-10 -6.1197e-09
-2.89275e-10 -6.18692e-09
-2.76501e-10 -6.25485e-09
-2.77681e-10 -6.32214e-09
-2.88451e-10 -6.389e-09
-3.08595e-10 -6.4554e-09
-3.28169e-10 -6.52179e-09
-3.25348e-10 -6.58929e-09
-3.20349e-10 -6.65688e-09
-3.13643e-10 -6.72454e-09
-3.23758e-10 -6.7914e-09
-3.4867e-10 -6.85751e-09
-3.6341e-10 -6.9241e-09
-3.71984e-10 -6.991e-09
-3.6103e-10 -7.05892e-09
-3.54472e-10 -7.12659e-09
-3.64983e-10 -7.1934e-09
-3.82787e-10 -7.25982e-09
-4.09392e-10 -7.32573e-09
-4.14066e-10 -7.39282e-09
-4.07161e-10 -7.46055e-09
-4.00502e-10 -7.52825e-09
-4.01811e-10 -7.59552e-09
-4.28437e-10 -7.66141e-09
-4.49166e-10 -7.72758e-09
-4.61625e-10 -7.7942e-09
-4.57636e-10 -7.86179e-09
-4.43216e-10 -7.92995e-09
-4.50954e-10 -7.99686e-09
-4.66819e-10 -8.06329e-09
-4.95728e-10 -8.12892e-09
-5.12054e-10 -8.19526e-09
-5.04531e-10 -8.26308e-09
-4.98479e-10 -8.33079e-09
-4.92616e-10 -8.39848e-09
-5.14717e-10 -8.46449e-09
-5.43132e-10 -8.53007e-09
-5.58669e-10 -8.59642e-09
-5.63505e-10 -8.66346e-09
-5.45867e-10 -8.73193e-09
-5.46229e-10 -8.79925e-09
-5.61508e-10 -8.86563e-09
-5.88342e-10 -8.93124e-09
-6.16492e-10 -8.9967e-09
-6.13422e-10 -9.06426e-09
-6.06096e-10 -9.1321e-09
-5.97377e-10 -9.20001e-09
-6.09355e-10 -9.26657e-09
-6.43791e-10 -9.33159e-09
-6.6422e-10 -9.39751e-09
-6.76071e-10 -9.46403e-09
-6.62626e-10 -9.53233e-09
-6.52152e-10 -9.60038e-09
-6.66408e-10 -9.66674e-09
-6.89547e-10 -9.73247e-09
-7.2519e-10 -9.79724e-09
-7.33249e-10 -9.86399e-09
-7.2333e-10 -9.93208e-09
-7.15177e-10 -1e-08
-7.1548e-10 -1.00673e-08
-7.50046e-10 -1.01321e-08
-7.7855e-10 -1.01974e-08
-7.94635e-10 -1.02635e-08
-7.9114e-10 -1.03311e-08
-7.71287e-10 -1.03999e-08
-7.80616e-10 -1.04666e-08
-8.01335e-10 -1.05324e-08
-8.3805e-10 -1.05969e-08
-8.61346e-10 -1.06623e-08
-8.51538e-10 -1.07305e-08
-8.43782e-10 -1.07984e-08
-8.35877e-10 -1.08664e-08
-8.62551e-10 -1.09316e-08
-9.00461e-10 -1.09959e-08
-9.20342e-10 -1.10617e-08
-9.27701e-10 -1.11284e-08
-9.05629e-10 -1.11976e-08
-9.04266e-10 -1.1265e-08
-9.24218e-10 -1.13307e-08
-9.57171e-10 -1.13953e-08
-9.94254e-10 -1.14595e-08
-9.91669e-10 -1.15271e-08
-9.81625e-10 -1.15953e-08
-9.71248e-10 -1.16635e-08
-9.84111e-10 -1.17298e-08
-1.02806e-09 -1.17934e-08
-1.05459e-09 -1.18584e-08
-1.06964e-09 -1.19244e-08
-1.05458e-09 -1.19931e-08
-1.03942e-09 -1.20617e-08
-1.05727e-09 -1.21275e-08
-1.08552e-09 -1.21924e-08
-1.12992e-09 -1.22557e-08
-1.14241e-09 -1.23219e-08
-1.1292e-09 -1.23905e-08
-1.11978e-09 -1.24587e-08
-1.1186e-09 -1.25261e-08
-1.16042e-09 -1.25897e-08
-1.19734e-09 -1.26536e-08
-1.21687e-09 -1.27191e-08
-1.21461e-09 -1.27866e-08
-1.1892e-09 -1.28563e-08
-1.19944e-09 -1.29227e-08
-1.22515e-09 -1.29877e-08
-1.26904e-09 -1.30508e-08
-1.30011e-09 -1.31151e-08
-1.2883e-09 -1.31836e-08
-1.27864e-09 -1.32519e-08
-1.26882e-09 -1.33202e-08
-1.29901e-09 -1.33846e-08
-1.34683e-09 -1.34472e-08
-1.37118e-09 -1.35122e-08
-1.3813e-09 -1.35785e-08
-1.35539e-09 -1.36484e-08
-1.35135e-09 -1.37162e-08
-1.3761e-09 -1.3781e-08
-1.41468e-09 -1.38445e-08
-1.46087e-09 -1.39071e-08
-1.45964e-09 -1.39745e-08
-1.44644e-09 -1.40433e-08
-1.43478e-09 -1.41118e-08
-1.44764e-09 -1.41778e-08
-1.50089e-09 -1.42396e-08
-1.53406e-09 -1.43035e-08
-1.55215e-09 -1.43689e-08
-1.53637e-09 -1.44379e-08
-1.51586e-09 -1.45074e-08
-1.537e-09 -1.45725e-08
-1.57029e-09 -1.46363e-08
-1.623e-09 -1.46979e-08
-1.64097e-09 -1.47633e-08
-1.62429e-09 -1.48325e-08
-1.61372e-09 -1.4901e-08
-1.61076e-09 -1.49686e-08
-1.659e-09 -1.50307e-08
-1.70499e-09 -1.50929e-08
-1.72782e-09 -1.51577e-08
-1.72741e-09 -1.52251e-08
-1.69652e-09 -1.52959e-08
-1.70685e-09 -1.53621e-08
-1.73774e-09 -1.5426e-08
-1.78818e-09 -1.54876e-08
-1.82768e-09 -1.55503e-08
-1.81433e-09 -1.56192e-08
-1.80244e-09 -1.5688e-08
-1.79096e-09 -1.57566e-08
-1.82358e-09 -1.58202e-08
-1.8816e-09 -1.58808e-08
-1.91066e-09 -1.59447e-08
-1.92362e-09 -1.60105e-08
-1.89462e-09 -1.60813e-08
-1.88693e-09 -1.61495e-08
-1.91654e-09 -1.62134e-08
-1.96036e-09 -1.62755e-08
-2.01562e-09 -1.63361e-08
-2.01676e-09 -1.64033e-08
-1.99994e-09 -1.64727e-08
-1.98734e-09 -1.65416e-08
-1.99944e-09 -1.66074e-08
-2.06161e-09 -1.66672e-08
-2.10205e-09 -1.67295e-08
-2.12294e-09 -1.67942e-08
-2.10731e-09 -1.68636e-08
-2.08096e-09 -1.69342e-08
-2.10492e-09 -1.69985e-08
-2.14329e-09 -1.70611e-08
-2.20376e-09 -1.71207e-08
-2.22823e-09 -1.71849e-08
-2.20804e-09 -1.72549e-08
-2.19629e-09 -1.73237e-08
-2.19143e-09 -1.73917e-08
-2.24512e-09 -1.74522e-08
-2.3008e-09 -1.75123e-08
-2.32686e-09 -1.75762e-08
-2.32878e-09 -1.76433e-08
-2.29269e-09 -1.77154e-08
-2.30216e-09 -1.77815e-08
-2.33847e-09 -1.78441e-08
-2.39485e-09 -1.7904e-08
-2.44327e-09 -1.79648e-08
-2.42902e-09 -1.80341e-08
-2.41445e-09 -1.81034e-08
-2.40165e-09 -1.81724e-08
-2.43564e-09 -1.82352e-08
-2.50399e-09 -1.82933e-08
-2.53815e-09 -1.8356e-08
-2.55388e-09 -1.84212e-08
-2.52265e-09 -1.84928e-08
-2.51038e-09 -1.85618e-08
-2.54479e-09 -1.86245e-08
-2.59359e-09 -1.86851e-08
-2.65773e-09 -1.87434e-08
-2.66231e-09 -1.88102e-08
-2.64143e-09 -1.88805e-08
-2.62818e-09 -1.89496e-08
-2.63892e-09 -1.90155e-08
-2.70941e-09 -1.90729e-08
-2.75783e-09 -1.91333e-08
-2.78126e-09 -1.91973e-08
-2.76662e-09 -1.92668e-08
-2.73409e-09 -1.93388e-08
-2.76025e-09 -1.94024e-08
-2.80384e-09 -1.94635e-08
-2.87145e-09 -1.9521e-08
-2.90335e-09 -1.95836e-08
-2.87976e-09 -1.96545e-08
-2.86667e-09 -1.97237e-08
-2.85995e-09 -1.9792e-08
-2.91801e-09 -1.98509e-08
-2.98395e-09 -1.99084e-08
-3.01327e-09 -1.99714e-08
-3.01782e-09 -2.00381e-08
-2.97702e-09 -2.01115e-08
-2.98461e-09 -2.01777e-08
-3.02654e-09 -2.02388e-08
-3.08831e-09 -2.02968e-08
-3.14595e-09 -2.03554e-08
-3.13162e-09 -2.04249e-08
-3.11384e-09 -2.0495e-08
-3.10012e-09 -2.05644e-08
-3.13448e-09 -2.06265e-08
-3.21311e-09 -2.06818e-08
-3.25289e-09 -2.07429e-08
-3.27119e-09 -2.08074e-08
-3.23865e-09 -2.08799e-08
-3.22096e-09 -2.09499e-08
-3.25999e-09 -2.10112e-08
-3.31364e-09 -2.10702e-08
-3.38627e-09 -2.1126e-08
-3.39542e-09 -2.11919e-08
-3.37013e-09 -2.12633e-08
-3.35642e-09 -2.13328e-08
-3.36535e-09 -2.13987e-08
-3.4434e-09 -2.14536e-08
-3.50054e-09 -2.15118e-08
-3.52629e-09 -2.15749e-08
-3.51334e-09 -2.16444e-08
-3.47451e-09 -2.1718e-08
-3.50209e-09 -2.17809e-08
-3.55113e-09 -2.18403e-08
-3.62521e-09 -2.18955e-08
-3.66535e-09 -2.19562e-08
-3.63867e-09 -2.2028e-08
-3.6239e-09 -2.20977e-08
-3.61553e-09 -2.21664e-08
-3.67682e-09 -2.22237e-08
-3.75348e-09 -2.22782e-08
-3.78623e-09 -2.23401e-08
-3.79354e-09 -2.24062e-08
-3.7487e-09 -2.24811e-08
-3.75331e-09 -2.25476e-08
-3.80105e-09 -2.2607e-08
-3.86774e-09 -2.2663e-08
-3.93472e-09 -2.27189e-08
-3.92127e-09 -2.27886e-08
-3.8997e-09 -2.28596e-08
-3.88546e-09 -2.29294e-08
-3.91927e-09 -2.29909e-08
-4.00794e-09 -2.3043e-08
-4.05398e-09 -2.31023e-08
-4.07459e-09 -2.31661e-08
-4.04168e-09 -2.32392e-08
-4.01783e-09 -2.33106e-08
-4.06113e-09 -2.33705e-08
-4.11965e-09 -2.34276e-08
-4.20025e-09 -2.34806e-08
-4.2151e-09 -2.35454e-08
-4.18515e-09 -2.3618e-08
-4.17103e-09 -2.36879e-08
-4.1779e-09 -2.3754e-08
-4.26258e-09 -2.38063e-08
-4.32921e-09 -2.38616e-08
-4.35707e-09 -2.39239e-08
-4.34641e-09 -2.39932e-08
-4.30137e-09 -2.40687e-08
-4.32942e-09 -2.4131e-08
-4.38422e-09 -2.41884e-08
-4.46409e-09 -2.42412e-08
-4.51314e-09 -2.42995e-08
-4.48385e-09 -2.43723e-08
-4.46695e-09 -2.44427e-08
-4.45725e-09 -2.45118e-08
-4.52062e-09 -2.45675e-08
-4.60831e-09 -2.46186e-08
-4.64479e-09 -2.46791e-08
-4.65483e-09 -2.47446e-08
-4.60676e-09 -2.48209e-08
-4.60731e-09 -2.48881e-08
-4.66095e-09 -2.49455e-08
-4.73222e-09 -2.49994e-08
-4.80843e-09 -2.50523e-08
-4.79696e-09 -2.51218e-08
-4.771e-09 -2.51941e-08
-4.75661e-09 -2.52642e-08
-4.78911e-09 -2.53253e-08
-4.88737e-09 -2.53739e-08
-4.94043e-09 -2.5431e-08
-4.963e-09 -2.5494e-08
-4.93064e-09 -2.55676e-08
-4.90006e-09 -2.56408e-08
-4.94711e-09 -2.56991e-08
-5.01063e-09 -2.57542e-08
-5.09857e-09 -2.58043e-08
-5.12021e-09 -2.58674e-08
-5.08549e-09 -2.59416e-08
-5.07088e-09 -2.60118e-08
-5.07563e-09 -2.60782e-08
-5.16587e-09 -2.61278e-08
-5.24271e-09 -2.61799e-08
-5.27259e-09 -2.62412e-08
-5.26463e-09 -2.63102e-08
-5.2137e-09 -2.63877e-08
-5.24115e-09 -2.64495e-08
-5.30202e-09 -2.65048e-08
-5.38704e-09 -2.6555e-08
-5.44548e-09 -2.66104e-08
-5.41428e-09 -2.66842e-08
-5.39467e-09 -2.67555e-08
-5.38405e-09 -2.68249e-08
-5.44835e-09 -2.68793e-08
-5.54723e-09 -2.69264e-08
-5.58791e-09 -2.69854e-08
-5.6005e-09 -2.70502e-08
-5.55011e-09 -2.71279e-08
-5.54555e-09 -2.71961e-08
-5.60506e-09 -2.72513e-08
-5.6807e-09 -2.7303e-08
-5.76585e-09 -2.73525e-08
-5.75755e-09 -2.74216e-08
-5.72663e-09 -2.74954e-08
-5.71241e-09 -2.75657e-08
-5.74298e-09 -2.76267e-08
-5.85018e-09 -2.76715e-08
-5.91109e-09 -2.7726e-08
-5.93525e-09 -2.77882e-08
-5.9043e-09 -2.78621e-08
-5.86661e-09 -2.79374e-08
-5.91672e-09 -2.79942e-08
-5.9855e-09 -2.80469e-08
-6.08005e-09 -2.80939e-08
-6.10949e-09 -2.81549e-08
-6.07007e-09 -2.82308e-08
-6.05472e-09 -2.83014e-08
-6.05746e-09 -2.83682e-08
-6.15208e-09 -2.84151e-08
-6.23978e-09 -2.84634e-08
-6.2717e-09 -2.85238e-08
-6.26669e-09 -2.85922e-08
-6.21039e-09 -2.86718e-08
-6.23607e-09 -2.87336e-08
-6.30334e-09 -2.87862e-08
-6.39293e-09 -2.88338e-08
-6.46104e-09 -2.88861e-08
-6.42881e-09 -2.89606e-08
-6.4058e-09 -2.9033e-08
-6.39473e-09 -2.91028e-08
-6.45889e-09 -2.9156e-08
-6.56892e-09 -2.91987e-08
-6.6144e-09 -2.92559e-08
-6.62922e-09 -2.93199e-08
-6.57753e-09 -2.93989e-08
-6.56688e-09 -2.94686e-08
-6.63208e-09 -2.95213e-08
-6.71204e-09 -2.95706e-08
-6.80567e-09 -2.96165e-08
-6.80177e-09 -2.96848e-08
-6.76539e-09 -2.97605e-08
-6.75154e-09 -2.98309e-08
-6.77975e-09 -2.98919e-08
-6.89505e-09 -2.99328e-08
-6.96469e-09 -2.99841e-08
-6.99009e-09 -3.00456e-08
-6.96129e-09 -3.01196e-08
-6.91634e-09 -3.01973e-08
-6.96862e-09 -3.02526e-08
-7.04301e-09 -3.03027e-08
-7.14343e-09 -3.03466e-08
-7.18154e-09 -3.0405e-08
-7.1377e-09 -3.04826e-08
-7.12118e-09 -3.05538e-08
-7.12218e-09 -3.06209e-08
-7.21994e-09 -3.06654e-08
-7.31906e-09 -3.07092e-08
-7.35317e-09 -3.07685e-08
-7.35117e-09 -3.08363e-08
-7.29023e-09 -3.09181e-08
-7.31292e-09 -3.09801e-08
-7.38683e-09 -3.10299e-08
-7.48052e-09 -3.10748e-08
-7.55838e-09 -3.11233e-08
-7.52616e-09 -3.11985e-08
-7.499e-09 -3.12724e-08
-7.48798e-09 -3.13423e-08
-7.55103e-09 -3.13945e-08
-7.67196e-09 -3.14326e-08
-7.72298e-09 -3.14875e-08
-7.73962e-09 -3.15508e-08
-7.68765e-09 -3.16308e-08
-7.67005e-09 -3.17024e-08
-7.74061e-09 -3.17526e-08
-7.82496e-09 -3.17992e-08
-7.92645e-09 -3.18415e-08
-7.9282e-09 -3.19084e-08
-7.88599e-09 -3.19862e-08
-7.87256e-09 -3.20569e-08
-7.89818e-09 -3.21179e-08
-8.02056e-09 -3.21549e-08
-8.09981e-09 -3.22024e-08
-8.12619e-09 -3.22632e-08
-8.10013e-09 -3.23371e-08
-8.04799e-09 -3.24174e-08
-8.1014e-09 -3.24714e-08
-8.18182e-09 -3.25186e-08
-8.28735e-09 -3.25593e-08
-8.33484e-09 -3.26145e-08
-8.28705e-09 -3.26941e-08
-8.2688e-09 -3.2766e-08
-8.26846e-09 -3.28334e-08
-8.3681e-09 -3.28755e-08
-8.47903e-09 -3.29144e-08
-8.51566e-09 -3.29724e-08
-8.51655e-09 -3.30395e-08
-8.45185e-09 -3.31235e-08
-8.4703e-09 -3.31861e-08
-8.55103e-09 -3.32327e-08
-8.64849e-09 -3.32748e-08
-8.73594e-09 -3.33194e-08
-8.70493e-09 -3.33949e-08
-8.67287e-09 -3.34705e-08
-8.66232e-09 -3.35406e-08
-8.72344e-09 -3.35921e-08
-8.8548e-09 -3.36251e-08
-8.91223e-09 -3.36773e-08
-8.93021e-09 -3.37399e-08
-8.87897e-09 -3.38208e-08
-8.85375e-09 -3.38947e-08
-8.92912e-09 -3.39422e-08
-9.0181e-09 -3.3986e-08
-9.12671e-09 -3.40244e-08
-9.1353e-09 -3.40895e-08
-9.08705e-09 -3.41698e-08
-9.07393e-09 -3.42406e-08
-9.09692e-09 -3.43018e-08
-9.22522e-09 -3.43349e-08
-9.31494e-09 -3.4378e-08
-9.34211e-09 -3.4438e-08
-9.31923e-09 -3.45116e-08
-9.26019e-09 -3.45948e-08
-9.31356e-09 -3.46478e-08
-9.40043e-09 -3.46917e-08
-9.51037e-09 -3.47291e-08
-9.56775e-09 -3.47807e-08
-9.51672e-09 -3.48621e-08
-9.49603e-09 -3.4935e-08
-9.49485e-09 -3.50027e-08
-9.59513e-09 -3.50426e-08
-9.71807e-09 -3.50761e-08
-9.75772e-09 -3.51325e-08
-9.76122e-09 -3.51989e-08
-9.69376e-09 -3.52849e-08
-9.70678e-09 -3.53486e-08
-9.79435e-09 -3.53918e-08
-9.8954e-09 -3.54311e-08
-9.99209e-09 -3.54713e-08
-9.96358e-09 -3.55467e-08
-9.92588e-09 -3.56246e-08
-9.91618e-09 -3.56946e-08
-9.97472e-09 -3.57456e-08
-1.01158e-08 -3.57733e-08
-1.01806e-08 -3.58223e-08
-1.01994e-08 -3.58844e-08
-1.01498e-08 -3.59658e-08
-1.01165e-08 -3.60424e-08
-1.0196e-08 -3.60874e-08
-1.02899e-08 -3.61281e-08
-1.04049e-08 -3.61625e-08
-1.04214e-08 -3.62252e-08
-1.03671e-08 -3.63081e-08
-1.0354e-08 -3.63791e-08
-1.03745e-08 -3.64406e-08
-1.05074e-08 -3.64699e-08
-1.06084e-08 -3.6508e-08
-1.06363e-08 -3.65673e-08
-1.06168e-08 -3.66403e-08
-1.05515e-08 -3.67265e-08
-1.06035e-08 -3.67788e-08
-1.06972e-08 -3.6819e-08
-1.0811e-08 -3.68532e-08
-1.08785e-08 -3.69007e-08
-1.08252e-08 -3.69837e-08
-1.08012e-08 -3.70581e-08
-1.07998e-08 -3.71258e-08
-1.08995e-08 -3.7164e-08
-1.10345e-08 -3.71915e-08
-1.10778e-08 -3.7246e-08
-1.10835e-08 -3.73117e-08
-1.10143e-08 -3.73995e-08
-1.10208e-08 -3.74649e-08
-1.11151e-08 -3.75044e-08
-1.12197e-08 -3.75406e-08
-1.13251e-08 -3.75764e-08
-1.13004e-08 -3.76512e-08
-1.12564e-08 -3.77317e-08
-1.12478e-08 -3.78015e-08
-1.13033e-08 -3.78523e-08
-1.14533e-08 -3.78746e-08
-1.15264e-08 -3.79198e-08
-1.15456e-08 -3.79813e-08
-1.14985e-08 -3.8063e-08
-1.14569e-08 -3.81428e-08
-1.15395e-08 -3.81852e-08
-1.16389e-08 -3.82224e-08
-1.17592e-08 -3.8253e-08
-1.17847e-08 -3.83125e-08
-1.17245e-08 -3.83983e-08
-1.1711e-08 -3.84698e-08
-1.17293e-08 -3.85315e-08
-1.18656e-08 -3.85571e-08
-1.19784e-08 -3.85896e-08
-1.20072e-08 -3.86481e-08
-1.19912e-08 -3.87204e-08
-1.19202e-08 -3.88096e-08
-1.19695e-08 -3.88618e-08
-1.20705e-08 -3.88979e-08
-1.21875e-08 -3.89287e-08
-1.22653e-08 -3.89717e-08
-1.22107e-08 -3.90562e-08
-1.21826e-08 -3.91323e-08
-1.21815e-08 -3.92e-08
-1.22796e-08 -3.92367e-08
-1.24264e-08 -3.92578e-08
-1.24742e-08 -3.93101e-08
-1.24815e-08 -3.93751e-08
-1.24119e-08 -3.94645e-08
-1.24107e-08 -3.95321e-08
-1.25115e-08 -3.95677e-08
-1.26198e-08 -3.96007e-08
-1.27332e-08 -3.96318e-08
-1.27137e-08 -3.97054e-08
-1.26629e-08 -3.9789e-08
-1.26555e-08 -3.98586e-08
-1.27077e-08 -3.99093e-08
-1.28654e-08 -3.99261e-08
-1.2948e-08 -3.99668e-08
-1.29671e-08 -4.0028e-08
-1.29231e-08 -4.01096e-08
-1.28731e-08 -4.0193e-08
-1.29578e-08 -4.02331e-08
-1.30631e-08 -4.02664e-08
-1.31881e-08 -4.0293e-08
-1.32233e-08 -4.03489e-08
-1.31577e-08 -4.04377e-08
-1.3143e-08 -4.05098e-08
-1.31597e-08 -4.05716e-08
-1.32978e-08 -4.05939e-08
-1.34231e-08 -4.06201e-08
-1.34531e-08 -4.06776e-08
-1.34403e-08 -4.07492e-08
-1.33647e-08 -4.08413e-08
-1.34099e-08 -4.08938e-08
-1.35184e-08 -4.09254e-08
-1.36383e-08 -4.0953e-08
-1.37262e-08 -4.09911e-08
-1.36717e-08 -4.10766e-08
-1.36384e-08 -4.1155e-08
-1.36381e-08 -4.12224e-08
-1.37338e-08 -4.1258e-08
-1.38919e-08 -4.12724e-08
-1.39452e-08 -4.13218e-08
-1.39535e-08 -4.13864e-08
-1.38844e-08 -4.1477e-08
-1.38749e-08 -4.15475e-08
-1.39815e-08 -4.1579e-08
-1.40938e-08 -4.16085e-08
-1.42144e-08 -4.16349e-08
-1.42015e-08 -4.17066e-08
-1.41434e-08 -4.17937e-08
-1.41372e-08 -4.18631e-08
-1.4186e-08 -4.19139e-08
-1.43502e-08 -4.19254e-08
-1.44432e-08 -4.19608e-08
-1.44621e-08 -4.20217e-08
-1.44217e-08 -4.2103e-08
-1.43636e-08 -4.21901e-08
-1.4449e-08 -4.22282e-08
-1.45609e-08 -4.22572e-08
-1.46896e-08 -4.228e-08
-1.47352e-08 -4.23315e-08
-1.46647e-08 -4.24233e-08
-1.46482e-08 -4.24964e-08
-1.46638e-08 -4.25583e-08
-1.48025e-08 -4.25776e-08
-1.49405e-08 -4.25968e-08
-1.49721e-08 -4.26531e-08
-1.49622e-08 -4.27239e-08
-1.4883e-08 -4.28189e-08
-1.49227e-08 -4.28724e-08
-1.50389e-08 -4.28991e-08
-1.51615e-08 -4.29233e-08
-1.52591e-08 -4.29561e-08
-1.5206e-08 -4.30423e-08
-1.51668e-08 -4.31235e-08
-1.51678e-08 -4.31904e-08
-1.52602e-08 -4.32252e-08
-1.5429e-08 -4.32327e-08
-1.54888e-08 -4.32787e-08
-1.54975e-08 -4.33429e-08
-1.543e-08 -4.34343e-08
-1.54115e-08 -4.35082e-08
-1.55233e-08 -4.35358e-08
-1.564e-08 -4.35614e-08
-1.57668e-08 -4.35831e-08
-1.57617e-08 -4.36523e-08
-1.56963e-08 -4.37432e-08
-1.56909e-08 -4.38124e-08
-1.57366e-08 -4.38633e-08
-1.59059e-08 -4.38696e-08
-1.60102e-08 -4.38991e-08
-1.60286e-08 -4.39598e-08
-1.59921e-08 -4.40404e-08
-1.59264e-08 -4.41315e-08
-1.60112e-08 -4.41681e-08
-1.61301e-08 -4.41922e-08
-1.6262e-08 -4.42112e-08
-1.63182e-08 -4.42579e-08
-1.62438e-08 -4.43526e-08
-1.62245e-08 -4.4427e-08
-1.62397e-08 -4.44888e-08
-1.63776e-08 -4.45055e-08
-1.65284e-08 -4.45171e-08
-1.65623e-08 -4.4572e-08
-1.65549e-08 -4.46421e-08
-1.64732e-08 -4.47396e-08
-1.65062e-08 -4.47948e-08
-1.663e-08 -4.48163e-08
-1.67552e-08 -4.4837e-08
-1.6862e-08 -4.48644e-08
-1.68118e-08 -4.49506e-08
-1.67657e-08 -4.50351e-08
-1.67683e-08 -4.51015e-08
-1.6857e-08 -4.51357e-08
-1.70355e-08 -4.5136e-08
-1.7103e-08 -4.51779e-08
-1.71114e-08 -4.52421e-08
-1.70465e-08 -4.5334e-08
-1.70186e-08 -4.54117e-08
-1.71346e-08 -4.54354e-08
-1.72563e-08 -4.54567e-08
-1.73884e-08 -4.54738e-08
-1.73923e-08 -4.55397e-08
-1.73195e-08 -4.56348e-08
-1.73144e-08 -4.5704e-08
-1.73573e-08 -4.5755e-08
-1.75303e-08 -4.57564e-08
-1.76468e-08 -4.5779e-08
-1.76647e-08 -4.58395e-08
-1.76321e-08 -4.59194e-08
-1.75596e-08 -4.60145e-08
-1.76422e-08 -4.60502e-08
-1.77688e-08 -4.60689e-08
-1.79031e-08 -4.60842e-08
-1.79702e-08 -4.61255e-08
-1.7893e-08 -4.62229e-08
-1.78698e-08 -4.62992e-08
-1.78852e-08 -4.63605e-08
-1.80212e-08 -4.63752e-08
-1.81847e-08 -4.63787e-08
-1.82218e-08 -4.64316e-08
-1.82161e-08 -4.65012e-08
-1.81332e-08 -4.66009e-08
-1.81582e-08 -4.66584e-08
-1.82895e-08 -4.66745e-08
-1.84175e-08 -4.66915e-08
-1.85327e-08 -4.67133e-08
-1.84869e-08 -4.67989e-08
-1.84332e-08 -4.68874e-08
-1.84376e-08 -4.69529e-08
-1.85222e-08 -4.69869e-08
-1.87093e-08 -4.69801e-08
-1.87856e-08 -4.70171e-08
-1.87933e-08 -4.70814e-08
-1.87317e-08 -4.71733e-08
-1.86942e-08 -4.72554e-08
-1.88134e-08 -4.72755e-08
-1.89407e-08 -4.7292e-08
-1.9077e-08 -4.73046e-08
-1.90908e-08 -4.73664e-08
-1.9011e-08 -4.74659e-08
-1.90056e-08 -4.75353e-08
-1.90462e-08 -4.75863e-08
-1.92214e-08 -4.75832e-08
-1.93507e-08 -4.75982e-08
-1.93683e-08 -4.76585e-08
-1.93395e-08 -4.77375e-08
-1.92611e-08 -4.78365e-08
-1.93401e-08 -4.78719e-08
-1.94746e-08 -4.78847e-08
-1.96109e-08 -4.78965e-08
-1.96887e-08 -4.7932e-08
-1.96101e-08 -4.80316e-08
-1.95819e-08 -4.81104e-08
-1.95982e-08 -4.8171e-08
-1.97312e-08 -4.8184e-08
-1.9907e-08 -4.81791e-08
-1.99483e-08 -4.82294e-08
-1.99436e-08 -4.82987e-08
-1.98608e-08 -4.84002e-08
-1.98768e-08 -4.84609e-08
-2.0015e-08 -4.84713e-08
-2.01462e-08 -4.84843e-08
-2.02688e-08 -4.85006e-08
-2.02289e-08 -4.85847e-08
-2.0167e-08 -4.86777e-08
-2.01734e-08 -4.87424e-08
-2.02538e-08 -4.87763e-08
-2.04482e-08 -4.87625e-08
-2.05345e-08 -4.87937e-08
-2.05409e-08 -4.88584e-08
-2.04832e-08 -4.895e-08
-2.04364e-08 -4.90368e-08
-2.05573e-08 -4.90535e-08
-2.06909e-08 -4.90647e-08
-2.08306e-08 -4.9073e-08
-2.0855e-08 -4.91301e-08
-2.07687e-08 -4.9234e-08
-2.07622e-08 -4.9304e-08
-2.08012e-08 -4.93549e-08
-2.09771e-08 -4.93477e-08
-2.11195e-08 -4.93543e-08
-2.11373e-08 -4.94141e-08
-2.11119e-08 -4.94923e-08
-2.10288e-08 -4.9595e-08
-2.11025e-08 -4.9631e-08
-2.12453e-08 -4.96374e-08
-2.13834e-08 -4.96455e-08
-2.14715e-08 -4.96749e-08
-2.13928e-08 -4.97762e-08
-2.13586e-08 -4.98582e-08
-2.13764e-08 -4.99178e-08
-2.15056e-08 -4.99296e-08
-2.16931e-08 -4.99159e-08
-2.17397e-08 -4.9963e-08
-2.17352e-08 -5.00324e-08
-2.16536e-08 -5.01351e-08
-2.16599e-08 -5.01996e-08
-2.18044e-08 -5.02044e-08
-2.19392e-08 -5.0213e-08
-2.20682e-08 -5.02239e-08
-2.20356e-08 -5.03056e-08
-2.19652e-08 -5.04037e-08
-2.19731e-08 -5.04675e-08
-2.20496e-08 -5.05015e-08
-2.22499e-08 -5.0481e-08
-2.23472e-08 -5.05054e-08
-2.2352e-08 -5.05707e-08
-2.22986e-08 -5.06616e-08
-2.22428e-08 -5.07533e-08
-2.23641e-08 -5.07673e-08
-2.25046e-08 -5.07726e-08
-2.26468e-08 -5.07768e-08
-2.26823e-08 -5.08283e-08
-2.25903e-08 -5.09366e-08
-2.25818e-08 -5.10077e-08
-2.26198e-08 -5.10582e-08
-2.2795e-08 -5.10476e-08
-2.29509e-08 -5.10451e-08
-2.29695e-08 -5.11041e-08
-2.29469e-08 -5.11816e-08
-2.28602e-08 -5.12877e-08
-2.29274e-08 -5.1325e-08
-2.30784e-08 -5.13246e-08
-2.32182e-08 -5.1329e-08
-2.33161e-08 -5.1352e-08
-2.32389e-08 -5.14543e-08
-2.31976e-08 -5.15403e-08
-2.32174e-08 -5.15987e-08
-2.33422e-08 -5.16097e-08
-2.35403e-08 -5.1587e-08
-2.35935e-08 -5.16301e-08
-2.35884e-08 -5.16999e-08
-2.35092e-08 -5.18033e-08
-2.35052e-08 -5.18724e-08
-2.3655e-08 -5.18715e-08
-2.37941e-08 -5.18753e-08
-2.39284e-08 -5.18809e-08
-2.39044e-08 -5.19594e-08
-2.38253e-08 -5.2063e-08
-2.38345e-08 -5.21261e-08
-2.39073e-08 -5.21601e-08
-2.41119e-08 -5.21332e-08
-2.42213e-08 -5.21499e-08
-2.42243e-08 -5.22159e-08
-2.41753e-08 -5.23059e-08
-2.41113e-08 -5.24027e-08
-2.42313e-08 -5.24147e-08
-2.43794e-08 -5.24133e-08
-2.45234e-08 -5.24135e-08
-2.45702e-08 -5.2459e-08
-2.44737e-08 -5.25715e-08
-2.44619e-08 -5.26443e-08
-2.44997e-08 -5.2694e-08
-2.46729e-08 -5.26805e-08
-2.48422e-08 -5.26683e-08
-2.48625e-08 -5.27261e-08
-2.4842e-08 -5.28031e-08
-2.47531e-08 -5.29122e-08
-2.48122e-08 -5.29518e-08
-2.49715e-08 -5.29442e-08
-2.51131e-08 -5.29446e-08
-2.52199e-08 -5.29613e-08
-2.51459e-08 -5.30638e-08
-2.50966e-08 -5.31544e-08
-2.51186e-08 -5.32113e-08
-2.52386e-08 -5.32219e-08
-2.54463e-08 -5.31903e-08
-2.55074e-08 -5.32284e-08
-2.5501e-08 -5.32989e-08
-2.5425e-08 -5.34025e-08
-2.54104e-08 -5.34767e-08
-2.55645e-08 -5.34706e-08
-2.57085e-08 -5.34689e-08
-2.58471e-08 -5.34695e-08
-2.58328e-08 -5.35438e-08
-2.57451e-08 -5.36533e-08
-2.57549e-08 -5.37159e-08
-2.58245e-08 -5.37498e-08
-2.60319e-08 -5.37171e-08
-2.61541e-08 -5.37251e-08
-2.61556e-08 -5.37918e-08
-2.61109e-08 -5.38809e-08
-2.60395e-08 -5.39826e-08
-2.61566e-08 -5.39933e-08
-2.63128e-08 -5.39848e-08
-2.64581e-08 -5.39811e-08
-2.65162e-08 -5.40201e-08
-2.64164e-08 -5.41363e-08
-2.64e-08 -5.42116e-08
-2.64385e-08 -5.42601e-08
-2.66084e-08 -5.42443e-08
-2.67909e-08 -5.42218e-08
-2.68139e-08 -5.42779e-08
-2.67947e-08 -5.43548e-08
-2.67049e-08 -5.44662e-08
-2.67548e-08 -5.4509e-08
-2.6922e-08 -5.4494e-08
-2.70657e-08 -5.44902e-08
-2.71804e-08 -5.45005e-08
-2.71113e-08 -5.46023e-08
-2.70531e-08 -5.46984e-08
-2.70775e-08 -5.47537e-08
-2.71925e-08 -5.4764e-08
-2.74085e-08 -5.47236e-08
-2.74788e-08 -5.47558e-08
-2.74704e-08 -5.48274e-08
-2.73983e-08 -5.49308e-08
-2.73732e-08 -5.50106e-08
-2.75302e-08 -5.49995e-08
-2.76799e-08 -5.49917e-08
-2.78217e-08 -5.49876e-08
-2.7818e-08 -5.50568e-08
-2.77222e-08 -5.51724e-08
-2.77317e-08 -5.52349e-08
-2.77989e-08 -5.52685e-08
-2.80074e-08 -5.52305e-08
-2.81431e-08 -5.52289e-08
-2.81432e-08 -5.52963e-08
-2.81025e-08 -5.53844e-08
-2.80249e-08 -5.54909e-08
-2.81374e-08 -5.55013e-08
-2.83021e-08 -5.54848e-08
-2.84483e-08 -5.54774e-08
-2.85174e-08 -5.55094e-08
-2.84158e-08 -5.56288e-08
-2.83937e-08 -5.57074e-08
-2.84335e-08 -5.57544e-08
-2.85993e-08 -5.57369e-08
-2.87943e-08 -5.57038e-08
-2.88212e-08 -5.57574e-08
-2.88023e-08 -5.58345e-08
-2.8713e-08 -5.59478e-08
-2.87526e-08 -5.59947e-08
-2.89271e-08 -5.59721e-08
-2.90735e-08 -5.59636e-08
-2.9195e-08 -5.59678e-08
-2.91323e-08 -5.60679e-08
-2.90647e-08 -5.61702e-08
-2.90913e-08 -5.62237e-08
-2.92015e-08 -5.62339e-08
-2.94243e-08 -5.61851e-08
-2.9505e-08 -5.62102e-08
-2.94941e-08 -5.62833e-08
-2.94265e-08 -5.6386e-08
-2.93911e-08 -5.64717e-08
-2.95495e-08 -5.64563e-08
-2.97057e-08 -5.64417e-08
-2.98497e-08 -5.64331e-08
-2.98573e-08 -5.64965e-08
-2.97541e-08 -5.66182e-08
-2.97623e-08 -5.66812e-08
-2.98278e-08 -5.67141e-08
-3.00358e-08 -5.66716e-08
-3.01854e-08 -5.66595e-08
-3.01848e-08 -5.67272e-08
-3.01474e-08 -5.68145e-08
-3.00649e-08 -5.69254e-08
-3.01712e-08 -5.69365e-08
-3.03446e-08 -5.69116e-08
-3.04916e-08 -5.69004e-08
-3.05711e-08 -5.69252e-08
-3.04693e-08 -5.70471e-08
