0 0
-2.77965e-22 -6.73455e-11
-1.0572e-21 -1.34691e-10
-2.34555e-21 -2.02037e-10
-4.16103e-21 -2.69382e-10
-6.47995e-21 -3.36728e-10
-9.35229e-21 -4.04073e-10
-1.27536e-20 -4.71419e-10
-1.6668e-20 -5.38764e-10
-2.10993e-20 -6.0611e-10
-2.6053e-20 -6.73455e-10
-3.15669e-20 -7.40801e-10
-3.75104e-20 -8.08147e-10
-4.39977e-20 -8.75492e-10
-5.10744e-20 -9.42838e-10
-5.86199e-20 -1.01018e-09
-6.66566e-20 -1.07753e-09
-7.52237e-20 -1.14487e-09
-8.44145e-20 -1.21222e-09
-9.40893e-20 -1.27957e-09
-1.04287e-19 -1.34691e-09
-1.15075e-19 -1.41426e-09
-1.26317e-19 -1.4816e-09
-1.38132e-19 -1.54895e-09
-1.50348e-19 -1.61629e-09
-1.63169e-19 -1.68364e-09
-1.7652e-19 -1.75098e-09
-1.90431e-19 -1.81833e-09
-2.0491e-19 -1.88568e-09
-2.19695e-19 -1.95302e-09
-2.34935e-19 -2.02037e-09
-2.50705e-19 -2.08771e-09
-2.67032e-19 -2.15506e-09
-2.84118e-19 -2.2224e-09
-3.01447e-19 -2.28975e-09
-3.19155e-19 -2.35709e-09
-3.37781e-19 -2.42444e-09
-3.57149e-19 -2.49179e-09
-3.76754e-19 -2.55913e-09
-3.96855e-19 -2.62648e-09
-4.17583e-19 -2.69382e-09
-4.38939e-19 -2.76117e-09
-4.6057e-19 -2.82851e-09
-4.82721e-19 -2.89586e-09
-5.05555e-19 -2.9632e-09
-5.28818e-19 -3.03055e-09
-5.52223e-19 -3.09789e-09
-5.765e-19 -3.16524e-09
-6.01578e-19 -3.23259e-09
-6.26905e-19 -3.29993e-09
-6.52694e-19 -3.36728e-09
-6.7933e-19 -3.43462e-09
-7.06187e-19 -3.50197e-09
-7.33602e-19 -3.56931e-09
-7.6128e-19 -3.63666e-09
-7.89478e-19 -3.704e-09
-8.18382e-19 -3.77135e-09
-8.47939e-19 -3.8387e-09
-8.77841e-19 -3.90604e-09
-9.08744e-19 -3.97339e-09
-9.39838e-19 -4.04073e-09
-9.71351e-19 -4.10808e-09
-1.00347e-18 -4.17542e-09
-1.03604e-18 -4.24277e-09
-1.06946e-18 -4.31011e-09
-1.10332e-18 -4.37746e-09
-1.13718e-18 -4.44481e-09
-1.17186e-18 -4.51215e-09
-1.20694e-18 -4.5795e-09
-1.24277e-18 -4.64684e-09
-1.27915e-18 -4.71419e-09
-1.31576e-18 -4.78153e-09
-1.35293e-18 -4.84888e-09
-1.39043e-18 -4.91622e-09
-1.42805e-18 -4.98357e-09
-1.46643e-18 -5.05092e-09
-1.50538e-18 -5.11826e-09
-1.54513e-18 -5.18561e-09
-1.58544e-18 -5.25295e-09
-1.62651e-18 -5.3203e-09
-1.66821e-18 -5.38764e-09
-1.71031e-18 -5.45499e-09
-1.75274e-18 -5.52233e-09
-1.79561e-18 -5.58968e-09
-1.83906e-18 -5.65703e-09
-1.88336e-18 -5.72437e-09
-1.9275e-18 -5.79172e-09
-1.97243e-18 -5.85906e-09
-2.01756e-18 -5.92641e-09
-2.06392e-18 -5.99375e-09
-2.11068e-18 -6.0611e-09
-2.15837e-18 -6.12844e-09
-2.20608e-18 -6.19579e-09
-2.25401e-18 -6.26314e-09
-2.30281e-18 -6.33048e-09
-2.35144e-18 -6.39783e-09
-2.40155e-18 -6.46517e-09
-2.45172e-18 -6.53252e-09
-2.50221e-18 -6.59986e-09
-2.55371e-18 -6.66721e-09
-2.60557e-18 -6.73455e-09
-2.65822e-18 -6.8019e-09
-2.71139e-18 -6.86925e-09
-2.76487e-18 -6.93659e-09
-2.81824e-18 -7.00394e-09
-2.87163e-18 -7.07128e-09
-2.92718e-18 -7.13863e-09
-2.98304e-18 -7.20597e-09
-3.03921e-18 -7.27332e-09
-3.09561e-18 -7.34066e-09
-3.1527e-18 -7.40801e-09
-3.20997e-18 -7.47536e-09
-3.2679e-18 -7.5427e-09
-3.32633e-18 -7.61005e-09
-3.38533e-18 -7.67739e-09
-3.44496e-18 -7.74474e-09
-3.50474e-18 -7.81208e-09
-3.56557e-18 -7.87943e-09
-3.62737e-18 -7.94677e-09
-3.68954e-18 -8.01412e-09
-3.75222e-18 -8.08147e-09
-3.81504e-18 -8.14881e-09
-3.87872e-18 -8.21616e-09
-3.94231e-18 -8.2835e-09
-4.00699e-18 -8.35085e-09
-4.0721e-18 -8.41819e-09
-4.13834e-18 -8.48554e-09
-4.20385e-18 -8.55288e-09
-4.27027e-18 -8.62023e-09
-4.33676e-18 -8.68758e-09
-4.4045e-18 -8.75492e-09
-4.47177e-18 -8.82227e-09
-4.53977e-18 -8.88961e-09
-4.60832e-18 -8.95696e-09
-4.67794e-18 -9.0243e-09
-4.74729e-18 -9.09165e-09
-4.8178e-18 -9.15899e-09
-4.88883e-18 -9.22634e-09
-4.96007e-18 -9.29368e-09
-5.03255e-18 -9.36103e-09
-5.10479e-18 -9.42838e-09
-5.1778e-18 -9.49572e-09
-5.25133e-18 -9.56307e-09
-5.32553e-18 -9.63041e-09
-5.40018e-18 -9.69776e-09
-5.47549e-18 -9.7651e-09
-5.55121e-18 -9.83245e-09
-5.62854e-18 -9.89979e-09
-5.7052e-18 -9.96714e-09
-5.78228e-18 -1.00345e-08
-5.85988e-18 -1.01018e-08
-5.93858e-18 -1.01692e-08
-6.01668e-18 -1.02365e-08
-6.09616e-18 -1.03039e-08
-6.17556e-18 -1.03712e-08
-6.25665e-18 -1.04386e-08
-6.338e-18 -1.05059e-08
-6.41942e-18 -1.05733e-08
-6.50167e-18 -1.06406e-08
-6.58536e-18 -1.07079e-08
-6.66888e-18 -1.07753e-08
-6.75251e-18 -1.08426e-08
-6.83588e-18 -1.091e-08
-6.91996e-18 -1.09773e-08
-7.0051e-18 -1.10447e-08
-7.09078e-18 -1.1112e-08
-7.17581e-18 -1.11794e-08
-7.26331e-18 -1.12467e-08
-7.34978e-18 -1.13141e-08
-7.43789e-18 -1.13814e-08
-7.52599e-18 -1.14487e-08
-7.61504e-18 -1.15161e-08
-7.70514e-18 -1.15834e-08
-7.79558e-18 -1.16508e-08
-7.886e-18 -1.17181e-08
-7.97726e-18 -1.17855e-08
-8.0687e-18 -1.18528e-08
-8.16024e-18 -1.19202e-08
-8.25217e-18 -1.19875e-08
-8.34621e-18 -1.20549e-08
-8.43791e-18 -1.21222e-08
-8.5316e-18 -1.21895e-08
-8.62643e-18 -1.22569e-08
-8.72225e-18 -1.23242e-08
-8.81735e-18 -1.23916e-08
-8.91284e-18 -1.24589e-08
-9.01042e-18 -1.25263e-08
-9.10754e-18 -1.25936e-08
-9.2045e-18 -1.2661e-08
-9.3012e-18 -1.27283e-08
-9.39999e-18 -1.27957e-08
-9.49912e-18 -1.2863e-08
-9.59854e-18 -1.29303e-08
-9.7004e-18 -1.29977e-08
-9.80203e-18 -1.3065e-08
-9.90244e-18 -1.31324e-08
-1.00025e-17 -1.31997e-08
-1.01055e-17 -1.32671e-08
-1.02091e-17 -1.33344e-08
-1.03128e-17 -1.34018e-08
-1.04163e-17 -1.34691e-08
-1.05202e-17 -1.35365e-08
-1.06245e-17 -1.36038e-08
-1.07299e-17 -1.36711e-08
-1.08361e-17 -1.37385e-08
-1.09419e-17 -1.38058e-08
-1.1049e-17 -1.38732e-08
-1.11576e-17 -1.39405e-08
-1.12671e-17 -1.40079e-08
-1.13768e-17 -1.40752e-08
-1.14861e-17 -1.41426e-08
-1.15957e-17 -1.42099e-08
-1.1705e-17 -1.42773e-08
-1.1815e-17 -1.43446e-08
-1.19247e-17 -1.44119e-08
-1.20359e-17 -1.44793e-08
-1.21482e-17 -1.45466e-08
-1.22603e-17 -1.4614e-08
-1.23741e-17 -1.46813e-08
-1.24884e-17 -1.47487e-08
-1.2602e-17 -1.4816e-08
-1.27179e-17 -1.48834e-08
-1.28323e-17 -1.49507e-08
-1.29467e-17 -1.50181e-08
-1.30624e-17 -1.50854e-08
-1.31794e-17 -1.51527e-08
-1.3296e-17 -1.52201e-08
-1.34143e-17 -1.52874e-08
-1.35319e-17 -1.53548e-08
-1.36502e-17 -1.54221e-08
-1.37694e-17 -1.54895e-08
-1.38892e-17 -1.55568e-08
-1.4009e-17 -1.56242e-08
-1.413e-17 -1.56915e-08
-1.42527e-17 -1.57589e-08
-1.43734e-17 -1.58262e-08
-1.44945e-17 -1.58935e-08
-1.46176e-17 -1.59609e-08
-1.47425e-17 -1.60282e-08
-1.48657e-17 -1.60956e-08
-1.49906e-17 -1.61629e-08
-1.51144e-17 -1.62303e-08
-1.52374e-17 -1.62976e-08
-1.53638e-17 -1.6365e-08
-1.54916e-17 -1.64323e-08
-1.56183e-17 -1.64997e-08
-1.57454e-17 -1.6567e-08
-1.58739e-17 -1.66343e-08
-1.60015e-17 -1.67017e-08
-1.6131e-17 -1.6769e-08
-1.62608e-17 -1.68364e-08
-1.63929e-17 -1.69037e-08
-1.65241e-17 -1.69711e-08
-1.66568e-17 -1.70384e-08
-1.67879e-17 -1.71058e-08
-1.69202e-17 -1.71731e-08
-1.7052e-17 -1.72405e-08
-1.71857e-17 -1.73078e-08
-1.73189e-17 -1.73752e-08
-1.74524e-17 -1.74425e-08
-1.75877e-17 -1.75098e-08
-1.77243e-17 -1.75772e-08
-1.78612e-17 -1.76445e-08
-1.79976e-17 -1.77119e-08
-1.81348e-17 -1.77792e-08
-1.82735e-17 -1.78466e-08
-1.8412e-17 -1.79139e-08
-1.85503e-17 -1.79813e-08
-1.86886e-17 -1.80486e-08
-1.88288e-17 -1.8116e-08
-1.89685e-17 -1.81833e-08
-1.91104e-17 -1.82506e-08
-1.92526e-17 -1.8318e-08
-1.93931e-17 -1.83853e-08
-1.95358e-17 -1.84527e-08
-1.96777e-17 -1.852e-08
-1.98219e-17 -1.85874e-08
-1.99672e-17 -1.86547e-08
-2.01136e-17 -1.87221e-08
-2.0259e-17 -1.87894e-08
-2.04054e-17 -1.88568e-08
-2.05521e-17 -1.89241e-08
-2.06995e-17 -1.89914e-08
-2.0846e-17 -1.90588e-08
-2.09945e-17 -1.91261e-08
-2.11405e-17 -1.91935e-08
-2.12885e-17 -1.92608e-08
-2.14394e-17 -1.93282e-08
-2.15868e-17 -1.93955e-08
-2.17375e-17 -1.94629e-08
-2.18886e-17 -1.95302e-08
-2.20408e-17 -1.95976e-08
-2.21927e-17 -1.96649e-08
-2.23473e-17 -1.97322e-08
-2.24986e-17 -1.97996e-08
-2.26519e-17 -1.98669e-08
-2.28049e-17 -1.99343e-08
-2.29586e-17 -2.00016e-08
-2.31132e-17 -2.0069e-08
-2.3269e-17 -2.01363e-08
-2.34263e-17 -2.02037e-08
-2.35828e-17 -2.0271e-08
-2.37399e-17 -2.03384e-08
-2.38982e-17 -2.04057e-08
-2.40581e-17 -2.0473e-08
-2.42174e-17 -2.05404e-08
-2.43771e-17 -2.06077e-08
-2.45366e-17 -2.06751e-08
-2.46953e-17 -2.07424e-08
-2.48574e-17 -2.08098e-08
-2.5019e-17 -2.08771e-08
-2.51811e-17 -2.09445e-08
-2.53423e-17 -2.10118e-08
-2.55031e-17 -2.10792e-08
-2.56688e-17 -2.11465e-08
-2.5836e-17 -2.12138e-08
-2.60021e-17 -2.12812e-08
-2.61673e-17 -2.13485e-08
-2.63315e-17 -2.14159e-08
-2.6497e-17 -2.14832e-08
-2.66642e-17 -2.15506e-08
-2.68325e-17 -2.16179e-08
-2.70002e-17 -2.16853e-08
-2.71683e-17 -2.17526e-08
-2.73363e-17 -2.182e-08
-2.75052e-17 -2.18873e-08
-2.76734e-17 -2.19546e-08
-2.78427e-17 -2.2022e-08
-2.80156e-17 -2.20893e-08
-2.8187e-17 -2.21567e-08
-2.8359e-17 -2.2224e-08
-2.85319e-17 -2.22914e-08
-2.87031e-17 -2.23587e-08
-2.88782e-17 -2.24261e-08
-2.90515e-17 -2.24934e-08
-2.92274e-17 -2.25608e-08
-2.94018e-17 -2.26281e-08
-2.95767e-17 -2.26954e-08
-2.9751e-17 -2.27628e-08
-2.99276e-17 -2.28301e-08
-3.01041e-17 -2.28975e-08
-3.02827e-17 -2.29648e-08
-3.04611e-17 -2.30322e-08
-3.06373e-17 -2.30995e-08
-3.08159e-17 -2.31669e-08
-3.09975e-17 -2.32342e-08
-3.11769e-17 -2.33016e-08
-3.13578e-17 -2.33689e-08
-3.15377e-17 -2.34362e-08
-3.17201e-17 -2.35036e-08
-3.19027e-17 -2.35709e-08
-3.20826e-17 -2.36383e-08
-3.22655e-17 -2.37056e-08
-3.24503e-17 -2.3773e-08
-3.26351e-17 -2.38403e-08
-3.28212e-17 -2.39077e-08
-3.30066e-17 -2.3975e-08
-3.31936e-17 -2.40424e-08
-3.33787e-17 -2.41097e-08
-3.3566e-17 -2.41771e-08
-3.37528e-17 -2.42444e-08
-3.39431e-17 -2.43117e-08
-3.41317e-17 -2.43791e-08
-3.43234e-17 -2.44464e-08
-3.45123e-17 -2.45138e-08
-3.47038e-17 -2.45811e-08
-3.48982e-17 -2.46485e-08
-3.50909e-17 -2.47158e-08
-3.52802e-17 -2.47832e-08
-3.54738e-17 -2.48505e-08
-3.5667e-17 -2.49179e-08
-3.58619e-17 -2.49852e-08
-3.6057e-17 -2.50525e-08
-3.62526e-17 -2.51199e-08
-3.6449e-17 -2.51872e-08
-3.66452e-17 -2.52546e-08
-3.68437e-17 -2.53219e-08
-3.704e-17 -2.53893e-08
-3.72366e-17 -2.54566e-08
-3.74312e-17 -2.5524e-08
-3.76276e-17 -2.55913e-08
-3.78265e-17 -2.56587e-08
-3.80262e-17 -2.5726e-08
-3.82257e-17 -2.57933e-08
-3.84257e-17 -2.58607e-08
-3.86279e-17 -2.5928e-08
-3.88291e-17 -2.59954e-08
-3.90303e-17 -2.60627e-08
-3.92331e-17 -2.61301e-08
-3.94345e-17 -2.61974e-08
-3.96374e-17 -2.62648e-08
-3.98402e-17 -2.63321e-08
-4.00434e-17 -2.63995e-08
-4.0248e-17 -2.64668e-08
-4.04547e-17 -2.65341e-08
-4.06611e-17 -2.66015e-08
-4.0866e-17 -2.66688e-08
-4.10726e-17 -2.67362e-08
-4.1279e-17 -2.68035e-08
-4.14853e-17 -2.68709e-08
-4.16902e-17 -2.69382e-08
-4.19002e-17 -2.70056e-08
-4.21068e-17 -2.70729e-08
-4.23159e-17 -2.71403e-08
-4.25257e-17 -2.72076e-08
-4.27364e-17 -2.72749e-08
-4.29461e-17 -2.73423e-08
-4.31588e-17 -2.74096e-08
-4.33701e-17 -2.7477e-08
-4.35829e-17 -2.75443e-08
-4.37986e-17 -2.76117e-08
-4.40129e-17 -2.7679e-08
-4.42246e-17 -2.77464e-08
-4.4437e-17 -2.78137e-08
-4.46525e-17 -2.78811e-08
-4.48668e-17 -2.79484e-08
-4.50829e-17 -2.80157e-08
-4.52993e-17 -2.80831e-08
-4.55136e-17 -2.81504e-08
-4.57292e-17 -2.82178e-08
-4.59484e-17 -2.82851e-08
-4.61668e-17 -2.83525e-08
-4.63856e-17 -2.84198e-08
-4.66064e-17 -2.84872e-08
-4.68224e-17 -2.85545e-08
-4.70405e-17 -2.86219e-08
-4.72618e-17 -2.86892e-08
-4.74855e-17 -2.87565e-08
-4.77037e-17 -2.88239e-08
-4.79277e-17 -2.88912e-08
-4.81471e-17 -2.89586e-08
-4.83689e-17 -2.90259e-08
-4.85935e-17 -2.90933e-08
-4.88204e-17 -2.91606e-08
-4.90438e-17 -2.9228e-08
-4.9271e-17 -2.92953e-08
-4.94998e-17 -2.93627e-08
-4.97273e-17 -2.943e-08
-4.9955e-17 -2.94973e-08
-5.01843e-17 -2.95647e-08
-5.04129e-17 -2.9632e-08
-5.06403e-17 -2.96994e-08
-5.08708e-17 -2.97667e-08
-5.11012e-17 -2.98341e-08
-5.13328e-17 -2.99014e-08
-5.15656e-17 -2.99688e-08
-5.18005e-17 -3.00361e-08
-5.20356e-17 -3.01035e-08
-5.2268e-17 -3.01708e-08
-5.25016e-17 -3.02381e-08
-5.27356e-17 -3.03055e-08
-5.29703e-17 -3.03728e-08
-5.32072e-17 -3.04402e-08
-5.34442e-17 -3.05075e-08
-5.36796e-17 -3.05749e-08
-5.39191e-17 -3.06422e-08
-5.41593e-17 -3.07096e-08
-5.43956e-17 -3.07769e-08
-5.46338e-17 -3.08443e-08
-5.48709e-17 -3.09116e-08
-5.51115e-17 -3.0979e-08
-5.53511e-17 -3.10463e-08
-5.55942e-17 -3.11136e-08
-5.58344e-17 -3.1181e-08
-5.60759e-17 -3.12483e-08
-5.63176e-17 -3.13157e-08
-5.65618e-17 -3.1383e-08
-5.68062e-17 -3.14504e-08
-5.70488e-17 -3.15177e-08
-5.72917e-17 -3.15851e-08
-5.75384e-17 -3.16524e-08
-5.77856e-17 -3.17198e-08
-5.80322e-17 -3.17871e-08
-5.82789e-17 -3.18544e-08
-5.85265e-17 -3.19218e-08
-5.87747e-17 -3.19891e-08
-5.902e-17 -3.20565e-08
-5.92642e-17 -3.21238e-08
-5.95142e-17 -3.21912e-08
-5.97653e-17 -3.22585e-08
-6.00174e-17 -3.23259e-08
-6.02665e-17 -3.23932e-08
-6.05159e-17 -3.24606e-08
-6.07664e-17 -3.25279e-08
-6.10163e-17 -3.25952e-08
-6.12702e-17 -3.26626e-08
-6.15221e-17 -3.27299e-08
-6.17784e-17 -3.27973e-08
-6.20328e-17 -3.28646e-08
-6.22824e-17 -3.2932e-08
-6.25369e-17 -3.29993e-08
-6.27938e-17 -3.30667e-08
-6.30483e-17 -3.3134e-08
-6.33066e-17 -3.32014e-08
-6.35619e-17 -3.32687e-08
-6.382e-17 -3.3336e-08
-6.40772e-17 -3.34034e-08
-6.4333e-17 -3.34707e-08
-6.45982e-17 -3.35381e-08
-6.4857e-17 -3.36054e-08
-6.51164e-17 -3.36728e-08
-6.53761e-17 -3.37401e-08
-6.56341e-17 -3.38075e-08
-6.58986e-17 -3.38748e-08
-6.61631e-17 -3.39422e-08
-6.64221e-17 -3.40095e-08
-6.6685e-17 -3.40768e-08
-6.69502e-17 -3.41442e-08
-6.72149e-17 -3.42115e-08
-6.74791e-17 -3.42789e-08
-6.77449e-17 -3.43462e-08
-6.80107e-17 -3.44136e-08
-6.82762e-17 -3.44809e-08
-6.85462e-17 -3.45483e-08
-6.88146e-17 -3.46156e-08
-6.9084e-17 -3.4683e-08
-6.93527e-17 -3.47503e-08
-6.96224e-17 -3.48176e-08
-6.98895e-17 -3.4885e-08
-7.01603e-17 -3.49523e-08
-7.04335e-17 -3.50197e-08
-7.07025e-17 -3.5087e-08
-7.09745e-17 -3.51544e-08
-7.12466e-17 -3.52217e-08
-7.15196e-17 -3.52891e-08
-7.17948e-17 -3.53564e-08
-7.2065e-17 -3.54238e-08
-7.23405e-17 -3.54911e-08
-7.26143e-17 -3.55584e-08
-7.28922e-17 -3.56258e-08
-7.31667e-17 -3.56931e-08
-7.34421e-17 -3.57605e-08
-7.37166e-17 -3.58278e-08
-7.39946e-17 -3.58952e-08
-7.42717e-17 -3.59625e-08
-7.45509e-17 -3.60299e-08
-7.48298e-17 -3.60972e-08
-7.51071e-17 -3.61646e-08
-7.5387e-17 -3.62319e-08
-7.56688e-17 -3.62992e-08
-7.5949e-17 -3.63666e-08
-7.62307e-17 -3.64339e-08
-7.6512e-17 -3.65013e-08
-7.67941e-17 -3.65686e-08
-7.70799e-17 -3.6636e-08
-7.73643e-17 -3.67033e-08
-7.76462e-17 -3.67707e-08
-7.79318e-17 -3.6838e-08
-7.82177e-17 -3.69054e-08
-7.85015e-17 -3.69727e-08
-7.87871e-17 -3.704e-08
-7.90755e-17 -3.71074e-08
-7.93621e-17 -3.71747e-08
-7.96501e-17 -3.72421e-08
-7.9939e-17 -3.73094e-08
-8.02269e-17 -3.73768e-08
-8.05181e-17 -3.74441e-08
-8.0806e-17 -3.75115e-08
-8.10947e-17 -3.75788e-08
-8.13878e-17 -3.76462e-08
-8.16783e-17 -3.77135e-08
-8.19665e-17 -3.77808e-08
-8.2261e-17 -3.78482e-08
-8.25545e-17 -3.79155e-08
-8.28513e-17 -3.79829e-08
-8.31452e-17 -3.80502e-08
-8.34411e-17 -3.81176e-08
-8.37364e-17 -3.81849e-08
-8.40322e-17 -3.82523e-08
-8.43291e-17 -3.83196e-08
-8.46267e-17 -3.8387e-08
-8.49229e-17 -3.84543e-08
-8.52203e-17 -3.85217e-08
-8.5517e-17 -3.8589e-08
-8.58139e-17 -3.86563e-08
-8.61152e-17 -3.87237e-08
-8.64129e-17 -3.8791e-08
-8.67097e-17 -3.88584e-08
-8.70116e-17 -3.89257e-08
-8.731e-17 -3.89931e-08
-8.76116e-17 -3.90604e-08
-8.79135e-17 -3.91278e-08
-8.82171e-17 -3.91951e-08
-8.85166e-17 -3.92625e-08
-8.88216e-17 -3.93298e-08
-8.91247e-17 -3.93971e-08
-8.94297e-17 -3.94645e-08
-8.97361e-17 -3.95318e-08
-9.00414e-17 -3.95992e-08
-9.03456e-17 -3.96665e-08
-9.06474e-17 -3.97339e-08
-9.09547e-17 -3.98012e-08
-9.12652e-17 -3.98686e-08
-9.1574e-17 -3.99359e-08
-9.18845e-17 -4.00033e-08
-9.21924e-17 -4.00706e-08
-9.25014e-17 -4.01379e-08
-9.28107e-17 -4.02053e-08
-9.31237e-17 -4.02726e-08
-9.34352e-17 -4.034e-08
-9.37491e-17 -4.04073e-08
-9.406e-17 -4.04747e-08
-9.43757e-17 -4.0542e-08
-9.46852e-17 -4.06094e-08
-9.50041e-17 -4.06767e-08
-9.53139e-17 -4.07441e-08
-9.56305e-17 -4.08114e-08
-9.59476e-17 -4.08787e-08
-9.62638e-17 -4.09461e-08
-9.65814e-17 -4.10134e-08
-9.68967e-17 -4.10808e-08
-9.72109e-17 -4.11481e-08
-9.75287e-17 -4.12155e-08
-9.78483e-17 -4.12828e-08
-9.81691e-17 -4.13502e-08
-9.84888e-17 -4.14175e-08
-9.88096e-17 -4.14849e-08
-9.91337e-17 -4.15522e-08
-9.94525e-17 -4.16195e-08
-9.9778e-17 -4.16869e-08
-1.00096e-16 -4.17542e-08
-1.00424e-16 -4.18216e-08
-1.00748e-16 -4.18889e-08
-1.01072e-16 -4.19563e-08
-1.014e-16 -4.20236e-08
-1.01722e-16 -4.2091e-08
-1.02049e-16 -4.21583e-08
-1.02372e-16 -4.22257e-08
-1.02699e-16 -4.2293e-08
-1.03031e-16 -4.23603e-08
-1.03358e-16 -4.24277e-08
-1.03687e-16 -4.2495e-08
-1.04012e-16 -4.25624e-08
-1.04342e-16 -4.26297e-08
-1.04673e-16 -4.26971e-08
-1.05004e-16 -4.27644e-08
-1.05332e-16 -4.28318e-08
-1.05664e-16 -4.28991e-08
-1.05999e-16 -4.29665e-08
-1.06334e-16 -4.30338e-08
-1.06663e-16 -4.31011e-08
-1.06994e-16 -4.31685e-08
-1.07329e-16 -4.32358e-08
-1.07664e-16 -4.33032e-08
-1.08002e-16 -4.33705e-08
-1.08339e-16 -4.34379e-08
-1.08676e-16 -4.35052e-08
-1.09011e-16 -4.35726e-08
-1.09348e-16 -4.36399e-08
-1.09687e-16 -4.37073e-08
-1.10024e-16 -4.37746e-08
-1.10366e-16 -4.38419e-08
-1.10705e-16 -4.39093e-08
-1.1105e-16 -4.39766e-08
-1.11388e-16 -4.4044e-08
-1.11731e-16 -4.41113e-08
-1.12075e-16 -4.41787e-08
-1.12418e-16 -4.4246e-08
-1.12756e-16 -4.43134e-08
-1.13097e-16 -4.43807e-08
-1.13439e-16 -4.44481e-08
-1.13781e-16 -4.45154e-08
-1.14123e-16 -4.45827e-08
-1.14464e-16 -4.46501e-08
-1.14812e-16 -4.47174e-08
-1.15158e-16 -4.47848e-08
-1.15506e-16 -4.48521e-08
-1.15856e-16 -4.49195e-08
-1.16204e-16 -4.49868e-08
-1.16549e-16 -4.50542e-08
-1.16896e-16 -4.51215e-08
-1.17246e-16 -4.51889e-08
-1.17596e-16 -4.52562e-08
-1.17943e-16 -4.53235e-08
-1.18291e-16 -4.53909e-08
-1.18644e-16 -4.54582e-08
-1.18997e-16 -4.55256e-08
-1.19353e-16 -4.55929e-08
-1.19706e-16 -4.56603e-08
-1.20056e-16 -4.57276e-08
-1.20412e-16 -4.5795e-08
-1.2077e-16 -4.58623e-08
-1.21129e-16 -4.59297e-08
-1.2148e-16 -4.5997e-08
-1.21836e-16 -4.60644e-08
-1.22192e-16 -4.61317e-08
-1.22547e-16 -4.6199e-08
-1.22907e-16 -4.62664e-08
-1.23262e-16 -4.63337e-08
-1.23622e-16 -4.64011e-08
-1.2398e-16 -4.64684e-08
-1.24339e-16 -4.65358e-08
-1.24701e-16 -4.66031e-08
-1.25065e-16 -4.66705e-08
-1.25427e-16 -4.67378e-08
-1.25791e-16 -4.68052e-08
-1.26153e-16 -4.68725e-08
-1.26517e-16 -4.69398e-08
-1.26883e-16 -4.70072e-08
-1.27247e-16 -4.70745e-08
-1.27608e-16 -4.71419e-08
-1.27972e-16 -4.72092e-08
-1.28339e-16 -4.72766e-08
-1.28702e-16 -4.73439e-08
-1.29067e-16 -4.74113e-08
-1.29433e-16 -4.74786e-08
-1.29797e-16 -4.7546e-08
-1.30167e-16 -4.76133e-08
-1.30538e-16 -4.76806e-08
-1.30906e-16 -4.7748e-08
-1.31277e-16 -4.78153e-08
-1.31649e-16 -4.78827e-08
-1.3202e-16 -4.795e-08
-1.32389e-16 -4.80174e-08
-1.32759e-16 -4.80847e-08
-1.33133e-16 -4.81521e-08
-1.33507e-16 -4.82194e-08
-1.33883e-16 -4.82868e-08
-1.34259e-16 -4.83541e-08
-1.34635e-16 -4.84214e-08
-1.35012e-16 -4.84888e-08
-1.35389e-16 -4.85561e-08
-1.35761e-16 -4.86235e-08
-1.36139e-16 -4.86908e-08
-1.36516e-16 -4.87582e-08
-1.3689e-16 -4.88255e-08
-1.37269e-16 -4.88929e-08
-1.37656e-16 -4.89602e-08
-1.38034e-16 -4.90276e-08
-1.38416e-16 -4.90949e-08
-1.38799e-16 -4.91622e-08
-1.39182e-16 -4.92296e-08
-1.39562e-16 -4.92969e-08
-1.39946e-16 -4.93643e-08
-1.40328e-16 -4.94316e-08
-1.40708e-16 -4.9499e-08
-1.41095e-16 -4.95663e-08
-1.41482e-16 -4.96337e-08
-1.41865e-16 -4.9701e-08
-1.4225e-16 -4.97684e-08
-1.42632e-16 -4.98357e-08
-1.4302e-16 -4.9903e-08
-1.43406e-16 -4.99704e-08
-1.43793e-16 -5.00377e-08
-1.44184e-16 -5.01051e-08
-1.44567e-16 -5.01724e-08
-1.44948e-16 -5.02398e-08
-1.45333e-16 -5.03071e-08
-1.45721e-16 -5.03745e-08
-1.46113e-16 -5.04418e-08
-1.465e-16 -5.05092e-08
-1.46893e-16 -5.05765e-08
-1.47285e-16 -5.06438e-08
-1.47677e-16 -5.07112e-08
-1.48069e-16 -5.07785e-08
-1.48462e-16 -5.08459e-08
-1.48856e-16 -5.09132e-08
-1.49255e-16 -5.09806e-08
-1.4965e-16 -5.10479e-08
-1.50044e-16 -5.11153e-08
-1.50437e-16 -5.11826e-08
-1.50836e-16 -5.125e-08
-1.51232e-16 -5.13173e-08
-1.51632e-16 -5.13846e-08
-1.52022e-16 -5.1452e-08
-1.52419e-16 -5.15193e-08
-1.52821e-16 -5.15867e-08
-1.53219e-16 -5.1654e-08
-1.53619e-16 -5.17214e-08
-1.54016e-16 -5.17887e-08
-1.54418e-16 -5.18561e-08
-1.54823e-16 -5.19234e-08
-1.55223e-16 -5.19908e-08
-1.55625e-16 -5.20581e-08
-1.56031e-16 -5.21254e-08
-1.56436e-16 -5.21928e-08
-1.56842e-16 -5.22601e-08
-1.57247e-16 -5.23275e-08
-1.57651e-16 -5.23948e-08
-1.5806e-16 -5.24622e-08
-1.58468e-16 -5.25295e-08
-1.58877e-16 -5.25969e-08
-1.59281e-16 -5.26642e-08
-1.59692e-16 -5.27316e-08
-1.601e-16 -5.27989e-08
-1.60509e-16 -5.28662e-08
-1.60919e-16 -5.29336e-08
-1.6133e-16 -5.30009e-08
-1.61744e-16 -5.30683e-08
-1.62154e-16 -5.31356e-08
-1.62569e-16 -5.3203e-08
-1.62981e-16 -5.32703e-08
-1.634e-16 -5.33377e-08
-1.63815e-16 -5.3405e-08
-1.64234e-16 -5.34724e-08
-1.6465e-16 -5.35397e-08
-1.65068e-16 -5.36071e-08
-1.65485e-16 -5.36744e-08
-1.65901e-16 -5.37417e-08
-1.6632e-16 -5.38091e-08
-1.66739e-16 -5.38764e-08
-1.67154e-16 -5.39438e-08
-1.67577e-16 -5.40111e-08
-1.67999e-16 -5.40785e-08
-1.68413e-16 -5.41458e-08
-1.68832e-16 -5.42132e-08
-1.69253e-16 -5.42805e-08
-1.6968e-16 -5.43479e-08
-1.701e-16 -5.44152e-08
-1.7052e-16 -5.44825e-08
-1.70945e-16 -5.45499e-08
-1.71369e-16 -5.46172e-08
-1.71792e-16 -5.46846e-08
-1.72206e-16 -5.47519e-08
-1.72625e-16 -5.48193e-08
-1.73052e-16 -5.48866e-08
-1.73477e-16 -5.4954e-08
-1.73903e-16 -5.50213e-08
-1.74328e-16 -5.50887e-08
-1.74754e-16 -5.5156e-08
-1.75182e-16 -5.52233e-08
-1.75611e-16 -5.52907e-08
-1.76039e-16 -5.5358e-08
-1.76464e-16 -5.54254e-08
-1.76893e-16 -5.54927e-08
-1.77321e-16 -5.55601e-08
-1.77754e-16 -5.56274e-08
-1.78186e-16 -5.56948e-08
-1.78618e-16 -5.57621e-08
-1.79053e-16 -5.58295e-08
-1.79484e-16 -5.58968e-08
-1.79916e-16 -5.59641e-08
-1.80347e-16 -5.60315e-08
-1.80776e-16 -5.60988e-08
-1.81207e-16 -5.61662e-08
-1.8164e-16 -5.62335e-08
-1.82078e-16 -5.63009e-08
-1.82514e-16 -5.63682e-08
-1.82953e-16 -5.64356e-08
-1.83387e-16 -5.65029e-08
-1.83823e-16 -5.65703e-08
-1.84262e-16 -5.66376e-08
-1.84699e-16 -5.67049e-08
-1.85141e-16 -5.67723e-08
-1.85578e-16 -5.68396e-08
-1.86019e-16 -5.6907e-08
-1.8646e-16 -5.69743e-08
-1.86903e-16 -5.70417e-08
-1.87345e-16 -5.7109e-08
-1.87792e-16 -5.71764e-08
-1.8823e-16 -5.72437e-08
-1.88671e-16 -5.73111e-08
-1.89116e-16 -5.73784e-08
-1.89559e-16 -5.74457e-08
-1.90005e-16 -5.75131e-08
-1.90449e-16 -5.75804e-08
-1.90895e-16 -5.76478e-08
-1.91344e-16 -5.77151e-08
-1.91789e-16 -5.77825e-08
-1.92233e-16 -5.78498e-08
-1.92681e-16 -5.79172e-08
-1.93136e-16 -5.79845e-08
-1.93585e-16 -5.80519e-08
-1.94036e-16 -5.81192e-08
-1.94486e-16 -5.81865e-08
-1.94936e-16 -5.82539e-08
-1.95383e-16 -5.83212e-08
-1.95834e-16 -5.83886e-08
-1.96282e-16 -5.84559e-08
-1.96732e-16 -5.85233e-08
-1.9718e-16 -5.85906e-08
-1.97631e-16 -5.8658e-08
-1.98087e-16 -5.87253e-08
-1.98543e-16 -5.87927e-08
-1.98999e-16 -5.886e-08
-1.99459e-16 -5.89273e-08
-1.99917e-16 -5.89947e-08
-2.00371e-16 -5.9062e-08
-2.00827e-16 -5.91294e-08
-2.01283e-16 -5.91967e-08
-2.0174e-16 -5.92641e-08
-2.022e-16 -5.93314e-08
-2.0266e-16 -5.93988e-08
-2.03128e-16 -5.94661e-08
-2.03582e-16 -5.95335e-08
-2.04042e-16 -5.96008e-08
-2.04504e-16 -5.96681e-08
-2.04968e-16 -5.97355e-08
-2.05434e-16 -5.98028e-08
-2.05897e-16 -5.98702e-08
-2.06357e-16 -5.99375e-08
-2.06816e-16 -6.00049e-08
-2.07281e-16 -6.00722e-08
-2.07737e-16 -6.01396e-08
-2.08206e-16 -6.02069e-08
-2.08668e-16 -6.02743e-08
-2.09134e-16 -6.03416e-08
-2.09602e-16 -6.04089e-08
-2.10069e-16 -6.04763e-08
-2.10542e-16 -6.05436e-08
-2.1101e-16 -6.0611e-08
-2.11475e-16 -6.06783e-08
-2.11945e-16 -6.07457e-08
-2.12413e-16 -6.0813e-08
-2.12881e-16 -6.08804e-08
-2.13355e-16 -6.09477e-08
-2.13829e-16 -6.10151e-08
-2.14301e-16 -6.10824e-08
-2.14776e-16 -6.11498e-08
-2.15249e-16 -6.12171e-08
-2.1572e-16 -6.12844e-08
-2.16193e-16 -6.13518e-08
-2.16667e-16 -6.14191e-08
-2.17145e-16 -6.14865e-08
-2.17623e-16 -6.15538e-08
-2.18098e-16 -6.16212e-08
-2.18575e-16 -6.16885e-08
-2.19052e-16 -6.17559e-08
-2.1953e-16 -6.18232e-08
-2.20009e-16 -6.18906e-08
-2.20485e-16 -6.19579e-08
-2.2096e-16 -6.20252e-08
-2.21437e-16 -6.20926e-08
-2.2192e-16 -6.21599e-08
-2.22404e-16 -6.22273e-08
-2.2289e-16 -6.22946e-08
-2.2338e-16 -6.2362e-08
-2.23857e-16 -6.24293e-08
-2.24341e-16 -6.24967e-08
-2.24827e-16 -6.2564e-08
-2.25309e-16 -6.26314e-08
-2.25791e-16 -6.26987e-08
-2.26283e-16 -6.2766e-08
-2.26764e-16 -6.28334e-08
-2.27246e-16 -6.29007e-08
-2.27724e-16 -6.29681e-08
-2.28213e-16 -6.30354e-08
-2.287e-16 -6.31028e-08
-2.29189e-16 -6.31701e-08
-2.29681e-16 -6.32375e-08
-2.30169e-16 -6.33048e-08
-2.30662e-16 -6.33722e-08
-2.31154e-16 -6.34395e-08
-2.31642e-16 -6.35068e-08
-2.32132e-16 -6.35742e-08
-2.32623e-16 -6.36415e-08
-2.3311e-16 -6.37089e-08
-2.33609e-16 -6.37762e-08
-2.34105e-16 -6.38436e-08
-2.346e-16 -6.39109e-08
-2.35097e-16 -6.39783e-08
-2.35593e-16 -6.40456e-08
-2.36088e-16 -6.4113e-08
-2.36585e-16 -6.41803e-08
-2.37081e-16 -6.42476e-08
-2.37576e-16 -6.4315e-08
-2.38079e-16 -6.43823e-08
-2.38581e-16 -6.44497e-08
-2.39085e-16 -6.4517e-08
-2.3959e-16 -6.45844e-08
-2.40099e-16 -6.46517e-08
-2.40595e-16 -6.47191e-08
-2.41092e-16 -6.47864e-08
-2.4159e-16 -6.48538e-08
-2.42088e-16 -6.49211e-08
-2.42592e-16 -6.49884e-08
-2.43101e-16 -6.50558e-08
-2.43602e-16 -6.51231e-08
-2.44107e-16 -6.51905e-08
-2.44612e-16 -6.52578e-08
-2.45111e-16 -6.53252e-08
-2.45619e-16 -6.53925e-08
-2.46123e-16 -6.54599e-08
-2.46637e-16 -6.55272e-08
-2.47148e-16 -6.55946e-08
-2.47657e-16 -6.56619e-08
-2.48166e-16 -6.57292e-08
-2.48669e-16 -6.57966e-08
-2.49177e-16 -6.58639e-08
-2.49694e-16 -6.59313e-08
-2.50206e-16 -6.59986e-08
-2.50718e-16 -6.6066e-08
-2.51224e-16 -6.61333e-08
-2.51738e-16 -6.62007e-08
-2.52253e-16 -6.6268e-08
-2.52772e-16 -6.63354e-08
-2.53286e-16 -6.64027e-08
-2.53801e-16 -6.647e-08
-2.54317e-16 -6.65374e-08
-2.54833e-16 -6.66047e-08
-2.5535e-16 -6.66721e-08
-2.55867e-16 -6.67394e-08
-2.56379e-16 -6.68068e-08
-2.56895e-16 -6.68741e-08
-2.57415e-16 -6.69415e-08
-2.57931e-16 -6.70088e-08
-2.58448e-16 -6.70762e-08
-2.58967e-16 -6.71435e-08
-2.59486e-16 -6.72108e-08
-2.60011e-16 -6.72782e-08
-2.60536e-16 -6.73455e-08
