0 0
4.06241e-14 -6.73455e-11
1.22162e-13 -1.34691e-10
6.83154e-14 -2.02037e-10
-3.37025e-14 -2.69382e-10
-3.67466e-13 -3.36727e-10
-5.78051e-13 -4.04073e-10
-5.90875e-13 -4.71418e-10
-4.96094e-13 -5.38764e-10
-2.14671e-14 -6.0611e-10
3.43063e-14 -6.73455e-10
1.14604e-14 -7.40801e-10
-5.07197e-13 -8.08146e-10
-1.37095e-12 -8.75491e-10
-1.76575e-12 -9.42836e-10
-2.20932e-12 -1.01018e-09
-1.69209e-12 -1.07753e-09
-1.13334e-12 -1.14487e-09
-7.57798e-13 -1.21222e-09
-5.60015e-13 -1.27956e-09
-1.65389e-12 -1.34691e-09
-2.52719e-12 -1.41425e-09
-3.7933e-12 -1.4816e-09
-4.36667e-12 -1.54894e-09
-3.7808e-12 -1.61629e-09
-3.33242e-12 -1.68363e-09
-2.05927e-12 -1.75098e-09
-2.2038e-12 -1.81833e-09
-2.95244e-12 -1.88567e-09
-4.28618e-12 -1.95301e-09
-6.39443e-12 -2.02035e-09
-6.83703e-12 -2.0877e-09
-7.16828e-12 -2.15504e-09
-5.9654e-12 -2.22239e-09
-4.60641e-12 -2.28974e-09
-4.51182e-12 -2.35709e-09
-4.58333e-12 -2.42443e-09
-6.9905e-12 -2.49177e-09
-8.82053e-12 -2.55911e-09
-1.03787e-11 -2.62645e-09
-1.10685e-11 -2.69379e-09
-9.38052e-12 -2.76115e-09
-8.54503e-12 -2.82849e-09
-6.97309e-12 -2.89584e-09
-7.55317e-12 -2.96319e-09
-9.69996e-12 -3.03053e-09
-1.17133e-11 -3.09787e-09
-1.47955e-11 -3.1652e-09
-1.49243e-11 -3.23254e-09
-1.44654e-11 -3.29989e-09
-1.27633e-11 -3.36724e-09
-1.06484e-11 -3.4346e-09
-1.14298e-11 -3.50194e-09
-1.22932e-11 -3.56928e-09
-1.59218e-11 -3.63661e-09
-1.87778e-11 -3.70394e-09
-1.98715e-11 -3.77128e-09
-2.03409e-11 -3.83863e-09
-1.74007e-11 -3.90599e-09
-1.61873e-11 -3.97334e-09
-1.50942e-11 -4.04069e-09
-1.62982e-11 -4.10803e-09
-2.02727e-11 -4.17536e-09
-2.278e-11 -4.24269e-09
-2.62025e-11 -4.31002e-09
-2.57977e-11 -4.37736e-09
-2.396e-11 -4.44472e-09
-2.21227e-11 -4.51208e-09
-1.96145e-11 -4.57943e-09
-2.17025e-11 -4.64677e-09
-2.39332e-11 -4.7141e-09
-2.83623e-11 -4.78142e-09
-3.21083e-11 -4.84875e-09
-3.20568e-11 -4.91609e-09
-3.1893e-11 -4.98344e-09
-2.79609e-11 -5.05081e-09
-2.64487e-11 -5.11816e-09
-2.67188e-11 -5.18551e-09
-2.87199e-11 -5.25284e-09
-3.45568e-11 -5.32015e-09
-3.73743e-11 -5.38748e-09
-4.02455e-11 -5.4548e-09
-3.92245e-11 -5.52216e-09
-3.56825e-11 -5.58953e-09
-3.41471e-11 -5.65688e-09
-3.19236e-11 -5.72424e-09
-3.5494e-11 -5.79156e-09
-3.95859e-11 -5.85888e-09
-4.418e-11 -5.92619e-09
-4.84102e-11 -5.99351e-09
-4.67741e-11 -6.06087e-09
-4.55499e-11 -6.12822e-09
-4.12606e-11 -6.1956e-09
-3.96438e-11 -6.26295e-09
-4.20593e-11 -6.33028e-09
-4.50445e-11 -6.39761e-09
-5.23138e-11 -6.4649e-09
-5.52697e-11 -6.53222e-09
-5.66231e-11 -6.59955e-09
-5.50024e-11 -6.66691e-09
-4.98321e-11 -6.7343e-09
-4.90077e-11 -6.80165e-09
-4.79805e-11 -6.869e-09
-5.29366e-11 -6.93631e-09
-5.91411e-11 -7.00361e-09
-6.32075e-11 -7.07092e-09
-6.72402e-11 -7.13823e-09
-6.39247e-11 -7.2056e-09
-6.13005e-11 -7.27297e-09
-5.7544e-11 -7.34035e-09
-5.61762e-11 -7.4077e-09
-6.12159e-11 -7.47501e-09
-6.53873e-11 -7.54232e-09
-7.32324e-11 -7.60959e-09
-7.61367e-11 -7.67691e-09
-7.51523e-11 -7.74427e-09
-7.29997e-11 -7.81163e-09
-6.67436e-11 -7.87903e-09
-6.694e-11 -7.94638e-09
-6.80964e-11 -8.01371e-09
-7.41224e-11 -8.081e-09
-8.2303e-11 -8.14827e-09
-8.52463e-11 -8.21559e-09
-8.81967e-11 -8.2829e-09
-8.34744e-11 -8.3503e-09
-7.932e-11 -8.41768e-09
-7.70633e-11 -8.48505e-09
-7.64796e-11 -8.5524e-09
-8.41744e-11 -8.61967e-09
-8.97036e-11 -8.68696e-09
-9.69849e-11 -8.75423e-09
-9.95803e-11 -8.82155e-09
-9.57945e-11 -8.88893e-09
-9.31933e-11 -8.95631e-09
-8.68318e-11 -9.02372e-09
-8.82326e-11 -9.09105e-09
-9.24248e-11 -9.15835e-09
-9.90871e-11 -9.22563e-09
-1.08636e-10 -9.29287e-09
-1.1007e-10 -9.3602e-09
-1.10998e-10 -9.42753e-09
-1.05453e-10 -9.49494e-09
-9.99612e-11 -9.56234e-09
-1.00049e-10 -9.62969e-09
-1.00942e-10 -9.69702e-09
-1.10824e-10 -9.76426e-09
-1.17764e-10 -9.83153e-09
-1.23277e-10 -9.8988e-09
-1.252e-10 -9.96613e-09
-1.18656e-10 -1.00336e-08
-1.15698e-10 -1.01009e-08
-1.10521e-10 -1.01683e-08
-1.13206e-10 -1.02357e-08
-1.20925e-10 -1.03029e-08
-1.27786e-10 -1.03702e-08
-1.37637e-10 -1.04374e-08
-1.3743e-10 -1.05047e-08
-1.35544e-10 -1.05721e-08
-1.29955e-10 -1.06395e-08
-1.23713e-10 -1.07069e-08
-1.26691e-10 -1.07743e-08
-1.29823e-10 -1.08416e-08
-1.4099e-10 -1.09088e-08
-1.4916e-10 -1.0976e-08
-1.51881e-10 -1.10433e-08
-1.52664e-10 -1.11107e-08
-1.43968e-10 -1.11781e-08
-1.40779e-10 -1.12455e-08
-1.38174e-10 -1.13129e-08
-1.42174e-10 -1.13802e-08
-1.53366e-10 -1.14474e-08
-1.60066e-10 -1.15146e-08
-1.68827e-10 -1.15818e-08
-1.6708e-10 -1.16492e-08
-1.61942e-10 -1.17166e-08
-1.57136e-10 -1.1784e-08
-1.51132e-10 -1.18515e-08
-1.57133e-10 -1.19187e-08
-1.63189e-10 -1.1986e-08
-1.74457e-10 -1.20532e-08
-1.83354e-10 -1.21204e-08
-1.82652e-10 -1.21878e-08
-1.81778e-10 -1.22551e-08
-1.72049e-10 -1.23226e-08
-1.6884e-10 -1.239e-08
-1.7003e-10 -1.24573e-08
-1.75396e-10 -1.25246e-08
-1.89363e-10 -1.25917e-08
-1.95651e-10 -1.2659e-08
-2.01825e-10 -1.27262e-08
-1.98804e-10 -1.27936e-08
-1.90509e-10 -1.28611e-08
-1.87216e-10 -1.29285e-08
-1.82751e-10 -1.29959e-08
-1.91473e-10 -1.30631e-08
-2.00866e-10 -1.31303e-08
-2.10998e-10 -1.31975e-08
-2.19759e-10 -1.32647e-08
-2.15533e-10 -1.33321e-08
-2.12546e-10 -1.33995e-08
-2.03258e-10 -1.3467e-08
-2.00393e-10 -1.35344e-08
-2.06175e-10 -1.36017e-08
-2.13011e-10 -1.36689e-08
-2.28445e-10 -1.3736e-08
-2.34145e-10 -1.38033e-08
-2.36416e-10 -1.38706e-08
-2.32459e-10 -1.3938e-08
-2.21729e-10 -1.40055e-08
-2.2047e-10 -1.40729e-08
-2.18987e-10 -1.41402e-08
-2.29766e-10 -1.42074e-08
-2.42443e-10 -1.42745e-08
-2.50375e-10 -1.43417e-08
-2.57833e-10 -1.4409e-08
-2.50545e-10 -1.44764e-08
-2.45196e-10 -1.45439e-08
-2.37947e-10 -1.46113e-08
-2.35989e-10 -1.46787e-08
-2.46529e-10 -1.47459e-08
-2.5498e-10 -1.48131e-08
-2.70132e-10 -1.48802e-08
-2.75064e-10 -1.49474e-08
-2.72578e-10 -1.50148e-08
-2.68018e-10 -1.50822e-08
-2.5619e-10 -1.51498e-08
-2.57225e-10 -1.52171e-08
-2.60058e-10 -1.52844e-08
-2.72017e-10 -1.53515e-08
-2.87324e-10 -1.54186e-08
-2.92338e-10 -1.54859e-08
-2.97182e-10 -1.55531e-08
-2.87786e-10 -1.56206e-08
-2.8018e-10 -1.56881e-08
-2.76419e-10 -1.57555e-08
-2.76144e-10 -1.58229e-08
-2.9088e-10 -1.589e-08
-3.01049e-10 -1.59571e-08
-3.14005e-10 -1.60242e-08
-3.17901e-10 -1.60915e-08
-3.10487e-10 -1.6159e-08
-3.05606e-10 -1.62264e-08
-2.94496e-10 -1.6294e-08
-2.97842e-10 -1.63613e-08
-3.0593e-10 -1.64285e-08
-3.18162e-10 -1.64956e-08
-3.34807e-10 -1.65626e-08
-3.36626e-10 -1.66299e-08
-3.37632e-10 -1.66972e-08
-3.27418e-10 -1.67648e-08
-3.18127e-10 -1.68323e-08
-3.18904e-10 -1.68996e-08
-3.2124e-10 -1.69669e-08
-3.38924e-10 -1.70339e-08
-3.50735e-10 -1.7101e-08
-3.5975e-10 -1.71682e-08
-3.62208e-10 -1.72355e-08
-3.50487e-10 -1.73031e-08
-3.45517e-10 -1.73705e-08
-3.37177e-10 -1.7438e-08
-3.42684e-10 -1.75053e-08
-3.56307e-10 -1.75723e-08
-3.68041e-10 -1.76394e-08
-3.84202e-10 -1.77064e-08
-3.82979e-10 -1.77738e-08
-3.79281e-10 -1.78412e-08
-3.6966e-10 -1.79088e-08
-3.59775e-10 -1.79763e-08
-3.65544e-10 -1.80436e-08
-3.71438e-10 -1.81108e-08
-3.90318e-10 -1.81777e-08
-4.03375e-10 -1.82448e-08
-4.07188e-10 -1.83121e-08
-4.07682e-10 -1.83794e-08
-3.93042e-10 -1.84471e-08
-3.88214e-10 -1.85145e-08
-3.84607e-10 -1.85819e-08
-3.92074e-10 -1.86491e-08
-4.10672e-10 -1.87161e-08
-4.21367e-10 -1.87832e-08
-4.34933e-10 -1.88502e-08
-4.31159e-10 -1.89176e-08
-4.22498e-10 -1.89852e-08
-4.14786e-10 -1.90527e-08
-4.05864e-10 -1.91202e-08
-4.16409e-10 -1.91874e-08
-4.26611e-10 -1.92545e-08
-4.44722e-10 -1.93214e-08
-4.582e-10 -1.93884e-08
-4.5627e-10 -1.94558e-08
-4.54243e-10 -1.95232e-08
-4.38677e-10 -1.95909e-08
-4.34297e-10 -1.96584e-08
-4.36948e-10 -1.97257e-08
-4.46229e-10 -1.97928e-08
-4.68361e-10 -1.98596e-08
-4.77714e-10 -1.99268e-08
-4.86632e-10 -1.99939e-08
-4.8099e-10 -2.00614e-08
-4.67893e-10 -2.0129e-08
-4.63115e-10 -2.01965e-08
-4.57024e-10 -2.0264e-08
-4.71504e-10 -2.0331e-08
-4.86324e-10 -2.0398e-08
-5.01816e-10 -2.04649e-08
-5.14457e-10 -2.0532e-08
-5.07066e-10 -2.05995e-08
-5.02077e-10 -2.0667e-08
-4.8791e-10 -2.07347e-08
-4.8445e-10 -2.08021e-08
-4.9413e-10 -2.08692e-08
-5.05191e-10 -2.09363e-08
-5.28672e-10 -2.1003e-08
-5.3654e-10 -2.10702e-08
-5.39188e-10 -2.11375e-08
-5.32407e-10 -2.1205e-08
-5.16238e-10 -2.12727e-08
-5.15007e-10 -2.13401e-08
-5.13664e-10 -2.14075e-08
-5.30785e-10 -2.14744e-08
-5.49865e-10 -2.15413e-08
-5.61306e-10 -2.16083e-08
-5.71529e-10 -2.16754e-08
-5.59747e-10 -2.17431e-08
-5.51656e-10 -2.18106e-08
-5.41189e-10 -2.18782e-08
-5.39352e-10 -2.19456e-08
-5.55875e-10 -2.20125e-08
-5.68764e-10 -2.20796e-08
-5.90962e-10 -2.21463e-08
-5.97233e-10 -2.22135e-08
-5.92765e-10 -2.2281e-08
-5.85499e-10 -2.23485e-08
-5.68369e-10 -2.24163e-08
-5.70853e-10 -2.24836e-08
-5.7589e-10 -2.25508e-08
-5.94155e-10 -2.26177e-08
-6.16338e-10 -2.26844e-08
-6.22914e-10 -2.27516e-08
-6.29045e-10 -2.28188e-08
-6.14558e-10 -2.28865e-08
-6.037e-10 -2.29541e-08
-5.98851e-10 -2.30216e-08
-5.99578e-10 -2.30889e-08
-6.21748e-10 -2.31557e-08
-6.36484e-10 -2.32226e-08
-6.54729e-10 -2.32895e-08
-6.59199e-10 -2.33567e-08
-6.4777e-10 -2.34244e-08
-6.40536e-10 -2.34919e-08
-6.25071e-10 -2.35597e-08
-6.31056e-10 -2.36269e-08
-6.4346e-10 -2.36939e-08
-6.61448e-10 -2.37607e-08
-6.8479e-10 -2.38274e-08
-6.86374e-10 -2.38947e-08
-6.86961e-10 -2.3962e-08
-6.71808e-10 -2.40298e-08
-6.59107e-10 -2.40975e-08
-6.61099e-10 -2.41648e-08
-6.65485e-10 -2.4232e-08
-6.91238e-10 -2.42986e-08
-7.07629e-10 -2.43655e-08
-7.19664e-10 -2.44325e-08
-7.21967e-10 -2.44998e-08
-7.04801e-10 -2.45676e-08
-6.97985e-10 -2.46352e-08
-6.86963e-10 -2.47028e-08
-6.96e-10 -2.47699e-08
-7.1581e-10 -2.48367e-08
-7.32387e-10 -2.49036e-08
-7.54352e-10 -2.49703e-08
-7.51438e-10 -2.50377e-08
-7.45583e-10 -2.51052e-08
-7.31846e-10 -2.5173e-08
-7.18846e-10 -2.52407e-08
-7.28004e-10 -2.53078e-08
-7.37119e-10 -2.53748e-08
-7.63828e-10 -2.54414e-08
-7.81293e-10 -2.55082e-08
-7.85653e-10 -2.55754e-08
-7.85283e-10 -2.56428e-08
-7.6457e-10 -2.57108e-08
-7.58488e-10 -2.57783e-08
-7.54412e-10 -2.58458e-08
-7.6599e-10 -2.59128e-08
-7.92124e-10 -2.59793e-08
-8.06564e-10 -2.60462e-08
-8.24374e-10 -2.6113e-08
-8.17905e-10 -2.61806e-08
-8.05555e-10 -2.62483e-08
-7.95054e-10 -2.6316e-08
-7.83826e-10 -2.63836e-08
-7.9953e-10 -2.64505e-08
-8.14152e-10 -2.65174e-08
-8.39049e-10 -2.6584e-08
-8.56499e-10 -2.66508e-08
-8.52772e-10 -2.67182e-08
-8.49189e-10 -2.67857e-08
-8.27811e-10 -2.68537e-08
-8.22823e-10 -2.69212e-08
-8.27478e-10 -2.69884e-08
-8.41186e-10 -2.70553e-08
-8.71456e-10 -2.71217e-08
-8.83425e-10 -2.71887e-08
-8.94517e-10 -2.72557e-08
-8.85666e-10 -2.73233e-08
-8.67782e-10 -2.73912e-08
-8.61837e-10 -2.74587e-08
-8.54753e-10 -2.75263e-08
-8.75564e-10 -2.7593e-08
-8.95881e-10 -2.76597e-08
-9.16501e-10 -2.77264e-08
-9.32349e-10 -2.77932e-08
-9.21245e-10 -2.78609e-08
-9.14066e-10 -2.79285e-08
-8.95196e-10 -2.79964e-08
-8.91821e-10 -2.80639e-08
-9.05914e-10 -2.81308e-08
-9.21523e-10 -2.81976e-08
-9.52872e-10 -2.82639e-08
-9.62301e-10 -2.8331e-08
-9.64797e-10 -2.83982e-08
-9.54748e-10 -2.84659e-08
-9.33323e-10 -2.8534e-08
-9.32615e-10 -2.86013e-08
-9.3201e-10 -2.86687e-08
-9.55944e-10 -2.87353e-08
-9.81297e-10 -2.88017e-08
-9.95851e-10 -2.88686e-08
-1.00817e-09 -2.89355e-08
-9.91413e-10 -2.90034e-08
-9.80622e-10 -2.90711e-08
-9.67259e-10 -2.91389e-08
-9.66264e-10 -2.92063e-08
-9.89217e-10 -2.92729e-08
-1.00665e-09 -2.93396e-08
-1.03557e-09 -2.9406e-08
-1.04248e-09 -2.94731e-08
-1.03558e-09 -2.95407e-08
-1.02536e-09 -2.96084e-08
-1.00326e-09 -2.96765e-08
-1.00782e-09 -2.97437e-08
-1.01557e-09 -2.98108e-08
-1.04046e-09 -2.98772e-08
-1.06921e-09 -2.99436e-08
-1.07681e-09 -3.00106e-08
-1.08364e-09 -3.00777e-08
-1.06369e-09 -3.01458e-08
-1.04984e-09 -3.02136e-08
-1.04435e-09 -3.02812e-08
-1.04677e-09 -3.03484e-08
-1.07671e-09 -3.04147e-08
-1.09589e-09 -3.04814e-08
-1.119e-09 -3.05479e-08
-1.12331e-09 -3.06151e-08
-1.10753e-09 -3.0683e-08
-1.09792e-09 -3.07507e-08
-1.07854e-09 -3.08187e-08
-1.08786e-09 -3.08857e-08
-1.10497e-09 -3.09525e-08
-1.12884e-09 -3.1019e-08
-1.15843e-09 -3.10852e-08
-1.15915e-09 -3.11525e-08
-1.15884e-09 -3.12199e-08
-1.13854e-09 -3.1288e-08
-1.12287e-09 -3.13559e-08
-1.12662e-09 -3.14231e-08
-1.13364e-09 -3.14902e-08
-1.16767e-09 -3.15563e-08
-1.1883e-09 -3.16229e-08
-1.20284e-09 -3.16897e-08
-1.20432e-09 -3.1757e-08
-1.1815e-09 -3.18252e-08
-1.17305e-09 -3.18928e-08
-1.15987e-09 -3.19607e-08
-1.17312e-09 -3.20275e-08
-1.19936e-09 -3.20939e-08
-1.22069e-09 -3.21604e-08
-1.24791e-09 -3.22267e-08
-1.24264e-09 -3.22943e-08
-1.23433e-09 -3.2362e-08
-1.21645e-09 -3.243e-08
-1.20091e-09 -3.24979e-08
-1.21405e-09 -3.25648e-08
-1.22681e-09 -3.26316e-08
-1.2614e-09 -3.26977e-08
-1.28275e-09 -3.27642e-08
-1.2871e-09 -3.28313e-08
-1.28532e-09 -3.28988e-08
-1.25847e-09 -3.29671e-08
-1.25157e-09 -3.30348e-08
-1.24757e-09 -3.31022e-08
-1.26387e-09 -3.3169e-08
-1.29761e-09 -3.3235e-08
-1.3155e-09 -3.33017e-08
-1.33697e-09 -3.33682e-08
-1.32716e-09 -3.34359e-08
-1.31101e-09 -3.35039e-08
-1.29789e-09 -3.35717e-08
-1.285e-09 -3.36396e-08
-1.30645e-09 -3.37061e-08
-1.32572e-09 -3.37727e-08
-1.35729e-09 -3.38388e-08
-1.37807e-09 -3.39053e-08
-1.37199e-09 -3.39729e-08
-1.36649e-09 -3.40404e-08
-1.33939e-09 -3.41089e-08
-1.33439e-09 -3.41764e-08
-1.34159e-09 -3.42435e-08
-1.36019e-09 -3.43101e-08
-1.39851e-09 -3.43759e-08
-1.4126e-09 -3.44427e-08
-1.4253e-09 -3.45095e-08
-1.41269e-09 -3.45773e-08
-1.39009e-09 -3.46456e-08
-1.38334e-09 -3.47132e-08
-1.37591e-09 -3.47809e-08
-1.40359e-09 -3.48471e-08
-1.42942e-09 -3.49134e-08
-1.45488e-09 -3.49797e-08
-1.47324e-09 -3.50463e-08
-1.45791e-09 -3.51143e-08
-1.4484e-09 -3.5182e-08
-1.42507e-09 -3.52503e-08
-1.42248e-09 -3.53177e-08
-1.44147e-09 -3.53843e-08
-1.4619e-09 -3.54508e-08
-1.50088e-09 -3.55165e-08
-1.51124e-09 -3.55835e-08
-1.51306e-09 -3.56507e-08
-1.49935e-09 -3.57186e-08
-1.47292e-09 -3.57871e-08
-1.47326e-09 -3.58544e-08
-1.47398e-09 -3.59217e-08
-1.50515e-09 -3.59878e-08
-1.53659e-09 -3.60538e-08
-1.55382e-09 -3.61204e-08
-1.56756e-09 -3.61872e-08
-1.5454e-09 -3.62555e-08
-1.532e-09 -3.63234e-08
-1.51611e-09 -3.63914e-08
-1.51669e-09 -3.64587e-08
-1.54648e-09 -3.65248e-08
-1.56849e-09 -3.65912e-08
-1.60379e-09 -3.6657e-08
-1.61061e-09 -3.67241e-08
-1.60086e-09 -3.67919e-08
-1.5875e-09 -3.68598e-08
-1.5608e-09 -3.69283e-08
-1.56808e-09 -3.69953e-08
-1.57903e-09 -3.70622e-08
-1.61081e-09 -3.71282e-08
-1.64576e-09 -3.7194e-08
-1.65384e-09 -3.7261e-08
-1.66077e-09 -3.7328e-08
-1.63506e-09 -3.73965e-08
-1.61853e-09 -3.74645e-08
-1.61288e-09 -3.75321e-08
-1.61766e-09 -3.75993e-08
-1.65567e-09 -3.7665e-08
-1.6791e-09 -3.77313e-08
-1.70661e-09 -3.77974e-08
-1.71005e-09 -3.78646e-08
-1.68961e-09 -3.79328e-08
-1.67767e-09 -3.80007e-08
-1.65486e-09 -3.80691e-08
-1.66821e-09 -3.81358e-08
-1.69036e-09 -3.82022e-08
-1.72018e-09 -3.82682e-08
-1.75552e-09 -3.83339e-08
-1.75474e-09 -3.84013e-08
-1.75311e-09 -3.84688e-08
-1.72751e-09 -3.85373e-08
-1.70936e-09 -3.86054e-08
-1.71543e-09 -3.86725e-08
-1.72563e-09 -3.87394e-08
-1.76809e-09 -3.88048e-08
-1.79256e-09 -3.8871e-08
-1.80909e-09 -3.89376e-08
-1.80909e-09 -3.9005e-08
-1.78046e-09 -3.90736e-08
-1.77065e-09 -3.91414e-08
-1.75584e-09 -3.92094e-08
-1.77399e-09 -3.92759e-08
-1.80683e-09 -3.93418e-08
-1.83277e-09 -3.94079e-08
-1.86468e-09 -3.94738e-08
-1.85639e-09 -3.95415e-08
-1.84536e-09 -3.96094e-08
-1.82337e-09 -3.96778e-08
-1.8059e-09 -3.97459e-08
-1.82361e-09 -3.98124e-08
-1.84039e-09 -3.9879e-08
-1.88286e-09 -3.99444e-08
-1.90753e-09 -4.00106e-08
-1.91133e-09 -4.00777e-08
-1.90763e-09 -4.01452e-08
-1.87464e-09 -4.02141e-08
-1.86739e-09 -4.02818e-08
-1.86402e-09 -4.03493e-08
-1.88563e-09 -4.04157e-08
-1.92699e-09 -4.04811e-08
-1.94797e-09 -4.05474e-08
-1.9725e-09 -4.06136e-08
-1.95874e-09 -4.06816e-08
-1.93873e-09 -4.07499e-08
-1.92321e-09 -4.0818e-08
-1.90933e-09 -4.0886e-08
-1.9371e-09 -4.0952e-08
-1.96119e-09 -4.10182e-08
-1.99925e-09 -4.10837e-08
-2.02269e-09 -4.11499e-08
-2.01372e-09 -4.12177e-08
-2.00599e-09 -4.12854e-08
-1.97331e-09 -4.13543e-08
-1.96893e-09 -4.14219e-08
-1.9792e-09 -4.14887e-08
-2.00313e-09 -4.15549e-08
-2.04934e-09 -4.162e-08
-2.06504e-09 -4.16866e-08
-2.07876e-09 -4.17533e-08
-2.06188e-09 -4.18215e-08
-2.03471e-09 -4.18901e-08
-2.02756e-09 -4.19578e-08
-2.02043e-09 -4.20255e-08
-2.05547e-09 -4.20911e-08
-2.08677e-09 -4.2157e-08
-2.11675e-09 -4.22228e-08
-2.13691e-09 -4.22891e-08
-2.11687e-09 -4.23575e-08
-2.10495e-09 -4.24254e-08
-2.07744e-09 -4.24941e-08
-2.07635e-09 -4.25615e-08
-2.10071e-09 -4.26277e-08
-2.12619e-09 -4.26938e-08
-2.1725e-09 -4.27588e-08
-2.18312e-09 -4.28256e-08
-2.18378e-09 -4.28929e-08
-2.16607e-09 -4.29611e-08
-2.13492e-09 -4.30301e-08
-2.13687e-09 -4.30973e-08
-2.1395e-09 -4.31645e-08
-2.17828e-09 -4.32299e-08
-2.21555e-09 -4.32954e-08
-2.23499e-09 -4.33617e-08
-2.24949e-09 -4.34283e-08
-2.22153e-09 -4.34971e-08
-2.20569e-09 -4.35653e-08
-2.18768e-09 -4.36335e-08
-2.19055e-09 -4.37007e-08
-2.22754e-09 -4.37662e-08
-2.25413e-09 -4.38322e-08
-2.29537e-09 -4.38974e-08
-2.3014e-09 -4.39644e-08
-2.2884e-09 -4.40324e-08
-2.27176e-09 -4.41006e-08
-2.24092e-09 -4.41696e-08
-2.25156e-09 -4.42364e-08
-2.26617e-09 -4.4303e-08
-2.30505e-09 -4.43683e-08
-2.34578e-09 -4.44335e-08
-2.35376e-09 -4.45004e-08
-2.36023e-09 -4.45674e-08
-2.3285e-09 -4.46365e-08
-2.30966e-09 -4.47048e-08
-2.30435e-09 -4.47724e-08
-2.31215e-09 -4.48393e-08
-2.35847e-09 -4.49043e-08
-2.38591e-09 -4.49702e-08
-2.41732e-09 -4.50358e-08
-2.41918e-09 -4.51031e-08
-2.39383e-09 -4.51718e-08
-2.37966e-09 -4.52399e-08
-2.35395e-09 -4.53086e-08
-2.37201e-09 -4.5375e-08
-2.39951e-09 -4.54409e-08
-2.43529e-09 -4.55063e-08
-2.47583e-09 -4.55715e-08
-2.47292e-09 -4.5639e-08
-2.46957e-09 -4.57065e-08
-2.43858e-09 -4.57755e-08
-2.41849e-09 -4.58439e-08
-2.42743e-09 -4.59108e-08
-2.44134e-09 -4.59774e-08
-2.49232e-09 -4.6042e-08
-2.52017e-09 -4.61078e-08
-2.53814e-09 -4.61742e-08
-2.53604e-09 -4.62417e-08
-2.50151e-09 -4.63109e-08
-2.49066e-09 -4.63788e-08
-2.4748e-09 -4.6447e-08
-2.49849e-09 -4.65131e-08
-2.53806e-09 -4.65783e-08
-2.56842e-09 -4.6644e-08
-2.60439e-09 -4.67093e-08
-2.59246e-09 -4.67773e-08
-2.57851e-09 -4.68455e-08
-2.5525e-09 -4.69142e-08
-2.53375e-09 -4.69826e-08
-2.5566e-09 -4.70487e-08
-2.57774e-09 -4.71149e-08
-2.62801e-09 -4.71795e-08
-2.6554e-09 -4.72453e-08
-2.65808e-09 -4.73125e-08
-2.65199e-09 -4.73802e-08
-2.61293e-09 -4.74497e-08
-2.60584e-09 -4.75174e-08
-2.60368e-09 -4.75849e-08
-2.63113e-09 -4.76507e-08
-2.68006e-09 -4.77153e-08
-2.70375e-09 -4.77813e-08
-2.73071e-09 -4.78472e-08
-2.71243e-09 -4.79155e-08
-2.68855e-09 -4.79842e-08
-2.67092e-09 -4.80526e-08
-2.65672e-09 -4.81207e-08
-2.69134e-09 -4.81861e-08
-2.72037e-09 -4.82518e-08
-2.76471e-09 -4.83167e-08
-2.7901e-09 -4.83825e-08
-2.77773e-09 -4.84506e-08
-2.76751e-09 -4.85185e-08
-2.72946e-09 -4.8588e-08
-2.72636e-09 -4.86556e-08
-2.74022e-09 -4.87221e-08
-2.76984e-09 -4.87878e-08
-2.82374e-09 -4.8852e-08
-2.84047e-09 -4.89184e-08
-2.85464e-09 -4.89849e-08
-2.83305e-09 -4.90535e-08
-2.80149e-09 -4.91227e-08
-2.79438e-09 -4.91905e-08
-2.78822e-09 -4.92581e-08
-2.83106e-09 -4.9323e-08
-2.86773e-09 -4.93883e-08
-2.90185e-09 -4.94536e-08
-2.9231e-09 -4.95197e-08
-2.89791e-09 -4.95886e-08
-2.88355e-09 -4.96567e-08
-2.8522e-09 -4.97259e-08
-2.85334e-09 -4.97932e-08
-2.8835e-09 -4.98588e-08
-2.91418e-09 -4.99243e-08
-2.96747e-09 -4.99885e-08
-2.9777e-09 -5.00553e-08
-2.97671e-09 -5.01227e-08
-2.95471e-09 -5.01913e-08
-2.91922e-09 -5.02608e-08
-2.92333e-09 -5.03279e-08
-2.92844e-09 -5.03949e-08
-2.97514e-09 -5.04595e-08
-3.01794e-09 -5.05243e-08
-3.0391e-09 -5.05904e-08
-3.05369e-09 -5.06569e-08
-3.01961e-09 -5.07263e-08
-3.00152e-09 -5.07947e-08
-2.98185e-09 -5.08632e-08
-2.98773e-09 -5.09302e-08
-3.03223e-09 -5.09949e-08
-3.06334e-09 -5.10604e-08
-3.11007e-09 -5.11249e-08
-3.11457e-09 -5.1192e-08
-3.098e-09 -5.12603e-08
-3.078e-09 -5.13289e-08
-3.0435e-09 -5.13983e-08
-3.05816e-09 -5.14648e-08
-3.07685e-09 -5.1531e-08
-3.12297e-09 -5.15956e-08
-3.16901e-09 -5.16601e-08
-3.1763e-09 -5.1727e-08
-3.18178e-09 -5.1794e-08
-3.14384e-09 -5.18637e-08
-3.1231e-09 -5.19323e-08
-3.11867e-09 -5.19999e-08
-3.13012e-09 -5.20665e-08
-3.18492e-09 -5.21306e-08
-3.21609e-09 -5.2196e-08
-3.25087e-09 -5.22612e-08
-3.25044e-09 -5.23286e-08
-3.22001e-09 -5.23978e-08
-3.20374e-09 -5.24661e-08
-3.1757e-09 -5.25352e-08
-3.19914e-09 -5.26011e-08
-3.23224e-09 -5.26664e-08
-3.27393e-09 -5.27312e-08
-3.31909e-09 -5.27957e-08
-3.31343e-09 -5.28634e-08
-3.30798e-09 -5.29311e-08
-3.27158e-09 -5.30007e-08
-3.25013e-09 -5.30694e-08
-3.2625e-09 -5.3136e-08
-3.28061e-09 -5.32022e-08
-3.34013e-09 -5.32658e-08
-3.37089e-09 -5.33313e-08
-3.38974e-09 -5.33974e-08
-3.38494e-09 -5.34651e-08
-3.34448e-09 -5.3535e-08
-3.33296e-09 -5.3603e-08
-3.31662e-09 -5.36714e-08
-3.34648e-09 -5.37369e-08
-3.39284e-09 -5.38013e-08
-3.42738e-09 -5.38665e-08
-3.46678e-09 -5.39313e-08
-3.45058e-09 -5.39997e-08
-3.43356e-09 -5.40681e-08
-3.40368e-09 -5.41373e-08
-3.38432e-09 -5.42059e-08
-3.41286e-09 -5.42714e-08
-3.43866e-09 -5.43372e-08
-3.49659e-09 -5.44008e-08
-3.52606e-09 -5.44663e-08
-3.5271e-09 -5.45335e-08
-3.51819e-09 -5.46015e-08
-3.47319e-09 -5.46717e-08
-3.46681e-09 -5.47394e-08
-3.46641e-09 -5.48068e-08
-3.50021e-09 -5.4872e-08
-3.5566e-09 -5.49357e-08
-3.58256e-09 -5.50014e-08
-3.61132e-09 -5.50669e-08
-3.58797e-09 -5.51357e-08
-3.56029e-09 -5.52049e-08
-3.54086e-09 -5.52735e-08
-3.52704e-09 -5.53417e-08
-3.56903e-09 -5.54063e-08
-3.60306e-09 -5.54715e-08
-3.65339e-09 -5.55355e-08
-3.68002e-09 -5.56011e-08
-3.66375e-09 -5.56695e-08
-3.65083e-09 -5.57377e-08
-3.60769e-09 -5.58079e-08
-3.60654e-09 -5.58753e-08
-3.62448e-09 -5.59415e-08
-3.66012e-09 -5.60065e-08
-3.72143e-09 -5.60698e-08
-3.73862e-09 -5.6136e-08
-3.75268e-09 -5.62024e-08
-3.72595e-09 -5.62716e-08
-3.69026e-09 -5.63413e-08
-3.68367e-09 -5.6409e-08
-3.67913e-09 -5.64767e-08
-3.73018e-09 -5.65407e-08
-3.77206e-09 -5.66052e-08
-3.8099e-09 -5.66701e-08
-3.83152e-09 -5.6736e-08
-3.80078e-09 -5.68054e-08
-3.78401e-09 -5.68738e-08
-3.74921e-09 -5.69435e-08
-3.75331e-09 -5.70105e-08
-3.78966e-09 -5.70755e-08
-3.82566e-09 -5.71404e-08
-3.88552e-09 -5.72037e-08
-3.89466e-09 -5.72705e-08
-3.89159e-09 -5.7338e-08
-3.86506e-09 -5.74072e-08
-3.82564e-09 -5.74772e-08
-3.83252e-09 -5.7544e-08
-3.84065e-09 -5.76108e-08
-3.89553e-09 -5.76745e-08
-3.9435e-09 -5.77386e-08
-3.96585e-09 -5.78044e-08
-3.97988e-09 -5.78708e-08
-3.9394e-09 -5.79409e-08
-3.91933e-09 -5.80096e-08
-3.89847e-09 -5.80784e-08
-3.90808e-09 -5.81451e-08
-3.96036e-09 -5.82089e-08
-3.99586e-09 -5.82738e-08
-4.04758e-09 -5.83376e-08
-4.04984e-09 -5.84048e-08
-4.02938e-09 -5.84735e-08
-4.00601e-09 -5.85425e-08
-3.96838e-09 -5.86124e-08
-3.98771e-09 -5.86784e-08
-4.01088e-09 -5.87442e-08
-4.06432e-09 -5.88078e-08
-4.11514e-09 -5.88717e-08
-4.12116e-09 -5.89386e-08
-4.12513e-09 -5.90057e-08
-4.08086e-09 -5.90761e-08
-4.0587e-09 -5.9145e-08
-4.05567e-09 -5.92125e-08
-4.0714e-09 -5.92788e-08
-4.13479e-09 -5.93417e-08
-4.16933e-09 -5.94067e-08
-4.20693e-09 -5.94714e-08
-4.20355e-09 -5.95389e-08
-4.16789e-09 -5.96088e-08
-4.14974e-09 -5.96774e-08
-4.11995e-09 -5.97468e-08
-4.14943e-09 -5.98121e-08
-4.18833e-09 -5.98767e-08
-4.23583e-09 -5.99408e-08
-4.28498e-09 -6.00046e-08
-4.27595e-09 -6.00726e-08
-4.26809e-09 -6.01405e-08
-4.22632e-09 -6.02108e-08
-4.20412e-09 -6.02797e-08
-4.22049e-09 -6.03459e-08
-4.24325e-09 -6.04116e-08
-4.31126e-09 -6.04742e-08
-4.34439e-09 -6.05392e-08
-4.36357e-09 -6.06051e-08
-4.35551e-09 -6.06731e-08
-4.30915e-09 -6.07437e-08
-4.29736e-09 -6.08119e-08
-4.28117e-09 -6.08804e-08
-4.31776e-09 -6.09451e-08
-4.37094e-09 -6.10087e-08
-4.40934e-09 -6.10733e-08
-4.45151e-09 -6.11376e-08
-4.43047e-09 -6.12064e-08
-4.41027e-09 -6.12752e-08
-4.37673e-09 -6.1345e-08
-4.35746e-09 -6.14137e-08
-4.39223e-09 -6.14786e-08
-4.42292e-09 -6.15437e-08
-4.48833e-09 -6.16063e-08
-4.51921e-09 -6.16714e-08
-4.51807e-09 -6.17389e-08
-4.50597e-09 -6.18071e-08
-4.4552e-09 -6.18781e-08
-4.45012e-09 -6.19458e-08
-4.45204e-09 -6.2013e-08
-4.49264e-09 -6.20774e-08
-4.55632e-09 -6.21401e-08
-4.58407e-09 -6.22055e-08
-4.614e-09 -6.22706e-08
-4.58509e-09 -6.23401e-08
-4.55372e-09 -6.24097e-08
-4.53286e-09 -6.24786e-08
-4.52015e-09 -6.25468e-08
-4.56994e-09 -6.26106e-08
-4.609e-09 -6.2675e-08
-4.66497e-09 -6.27383e-08
-4.69211e-09 -6.28036e-08
-4.6715e-09 -6.28725e-08
-4.65571e-09 -6.2941e-08
-4.60781e-09 -6.30119e-08
-4.6093e-09 -6.30791e-08
-4.6318e-09 -6.31448e-08
-4.67373e-09 -6.3209e-08
-4.74211e-09 -6.32713e-08
-4.75915e-09 -6.33374e-08
-4.77255e-09 -6.34037e-08
-4.74034e-09 -6.34735e-08
-4.70083e-09 -6.35437e-08
-4.69525e-09 -6.36115e-08
-4.69298e-09 -6.3679e-08
-4.75259e-09 -6.37419e-08
-4.79946e-09 -6.38058e-08
-4.84058e-09 -6.387e-08
-4.86183e-09 -6.39358e-08
-4.82519e-09 -6.40059e-08
-4.80609e-09 -6.40747e-08
-4.76829e-09 -6.41448e-08
-4.77608e-09 -6.42116e-08
-4.81899e-09 -6.42757e-08
-4.86035e-09 -6.434e-08
-4.92632e-09 -6.44023e-08
-4.93368e-09 -6.44691e-08
-4.9281e-09 -6.45368e-08
-4.89687e-09 -6.46066e-08
-4.85401e-09 -6.46771e-08
-4.86425e-09 -6.47437e-08
-4.87592e-09 -6.48102e-08
-4.93918e-09 -6.48727e-08
-4.9919e-09 -6.49361e-08
-5.0149e-09 -6.50016e-08
-5.02774e-09 -6.5068e-08
-4.98064e-09 -6.5139e-08
-4.95891e-09 -6.5208e-08
-4.93738e-09 -6.52769e-08
-4.95141e-09 -6.53432e-08
-5.01168e-09 -6.5406e-08
-5.05139e-09 -6.54703e-08
-5.10756e-09 -6.55333e-08
-5.10688e-09 -6.56007e-08
-5.08228e-09 -6.56699e-08
-5.05556e-09 -6.57393e-08
-5.01538e-09 -6.58097e-08
-5.04003e-09 -6.58752e-08
-5.06803e-09 -6.59404e-08
-5.12881e-09 -6.6003e-08
-5.18386e-09 -6.60661e-08
-5.188e-09 -6.61331e-08
-5.19e-09 -6.62003e-08
-5.13933e-09 -6.62716e-08
-5.11625e-09 -6.63407e-08
-5.11518e-09 -6.64082e-08
-5.13576e-09 -6.64739e-08
-5.20781e-09 -6.65357e-08
-5.24533e-09 -6.66001e-08
-5.28517e-09 -6.66643e-08
-5.27818e-09 -6.67322e-08
-5.23722e-09 -6.68027e-08
-5.21743e-09 -6.68716e-08
-5.18653e-09 -6.69414e-08
-5.22266e-09 -6.70059e-08
-5.26754e-09 -6.70697e-08
