0 0
-1.03359e-14 -8.30286e-12
-3.24307e-14 -1.66057e-11
-2.96099e-14 -2.49086e-11
-2.09241e-14 -3.32115e-11
1.94984e-14 -4.15143e-11
1.6464e-14 -4.98172e-11
-3.80048e-14 -5.81201e-11
-1.119e-13 -6.64228e-11
-2.32751e-13 -7.47254e-11
-2.4654e-13 -8.30283e-11
-2.28755e-13 -9.13312e-11
-1.54098e-13 -9.96343e-11
-8.0364e-14 -1.07937e-10
-1.65557e-13 -1.1624e-10
-2.67238e-13 -1.24543e-10
-4.94492e-13 -1.32845e-10
-6.32109e-13 -1.41147e-10
-6.26114e-13 -1.4945e-10
-5.82891e-13 -1.57753e-10
-3.9362e-13 -1.66057e-10
-4.17242e-13 -1.74359e-10
-5.20272e-13 -1.82662e-10
-7.68455e-13 -1.90964e-10
-1.10206e-12 -1.99265e-10
-1.17486e-12 -2.07568e-10
-1.21404e-12 -2.1587e-10
-9.99512e-13 -2.24174e-10
-8.54315e-13 -2.32478e-10
-9.31778e-13 -2.4078e-10
-1.09358e-12 -2.49083e-10
-1.57115e-12 -2.57383e-10
-1.82745e-12 -2.65684e-10
-1.96121e-12 -2.73986e-10
-1.88449e-12 -2.8229e-10
-1.5588e-12 -2.90594e-10
-1.5478e-12 -2.98897e-10
-1.57658e-12 -3.072e-10
-2.01938e-12 -3.155e-10
-2.52055e-12 -3.238e-10
-2.76234e-12 -3.32101e-10
-2.9329e-12 -3.40402e-10
-2.58528e-12 -3.48708e-10
-2.3999e-12 -3.57012e-10
-2.3255e-12 -3.65315e-10
-2.53098e-12 -3.73617e-10
-3.19944e-12 -3.81914e-10
-3.5944e-12 -3.90214e-10
-3.99774e-12 -3.98513e-10
-3.89083e-12 -4.06817e-10
-3.52115e-12 -4.15123e-10
-3.3853e-12 -4.23427e-10
-3.26935e-12 -4.31731e-10
-3.86885e-12 -4.40029e-10
-4.45467e-12 -4.48326e-10
-4.99387e-12 -4.56623e-10
-5.31736e-12 -4.64923e-10
-4.93065e-12 -4.7323e-10
-4.72703e-12 -4.81535e-10
-4.38933e-12 -4.89841e-10
-4.63213e-12 -4.98141e-10
-5.34967e-12 -5.06437e-10
-5.93685e-12 -5.14733e-10
-6.67006e-12 -5.23028e-10
-6.57602e-12 -5.31332e-10
-6.29455e-12 -5.39638e-10
-5.93672e-12 -5.47945e-10
-5.67691e-12 -5.5625e-10
-6.312e-12 -5.64546e-10
-6.91349e-12 -5.72842e-10
-7.83936e-12 -5.81133e-10
-8.29994e-12 -5.8943e-10
-8.04524e-12 -5.97736e-10
-7.81409e-12 -6.06042e-10
-7.18751e-12 -6.14353e-10
-7.43188e-12 -6.22653e-10
-8.02515e-12 -6.30948e-10
-8.87176e-12 -6.3924e-10
-9.8989e-12 -6.47528e-10
-9.92821e-12 -6.5583e-10
-9.85085e-12 -6.64134e-10
-9.21815e-12 -6.72446e-10
-8.86733e-12 -6.80754e-10
-9.34912e-12 -6.8905e-10
-9.94517e-12 -6.97345e-10
-1.12498e-11 -7.05628e-10
-1.18361e-11 -7.13921e-10
-1.19125e-11 -7.22223e-10
-1.16227e-11 -7.30531e-10
-1.07894e-11 -7.38846e-10
-1.09424e-11 -7.47147e-10
-1.1274e-11 -7.55445e-10
-1.24098e-11 -7.6373e-10
-1.36172e-11 -7.72012e-10
-1.39421e-11 -7.80309e-10
-1.41238e-11 -7.88609e-10
-1.32581e-11 -7.96927e-10
-1.28763e-11 -8.05236e-10
-1.30041e-11 -8.13537e-10
-1.36165e-11 -8.21829e-10
-1.51691e-11 -8.30105e-10
-1.59156e-11 -8.38394e-10
-1.64792e-11 -8.46687e-10
-1.61167e-11 -8.54997e-10
-1.52448e-11 -8.63315e-10
-1.5163e-11 -8.7162e-10
-1.51823e-11 -8.79922e-10
-1.65443e-11 -8.882e-10
-1.77967e-11 -8.96479e-10
-1.86033e-11 -9.04766e-10
-1.90273e-11 -9.1306e-10
-1.80884e-11 -9.21382e-10
-1.76986e-11 -9.29692e-10
-1.7335e-11 -9.38002e-10
-1.7986e-11 -9.46292e-10
-1.95585e-11 -9.54564e-10
-2.05575e-11 -9.62846e-10
-2.16577e-11 -9.71125e-10
-2.12757e-11 -9.79437e-10
-2.05624e-11 -9.87755e-10
-2.00974e-11 -9.96067e-10
-1.98496e-11 -1.00437e-09
-2.12562e-11 -1.01265e-09
-2.24615e-11 -1.02093e-09
-2.38732e-11 -1.0292e-09
-2.44829e-11 -1.03749e-09
-2.37262e-11 -1.04581e-09
-2.32957e-11 -1.05412e-09
-2.24281e-11 -1.06244e-09
-2.30845e-11 -1.07073e-09
-2.44237e-11 -1.079e-09
-2.579e-11 -1.08727e-09
-2.73463e-11 -1.09554e-09
-2.70975e-11 -1.10385e-09
-2.66986e-11 -1.11216e-09
-2.5768e-11 -1.12048e-09
-2.53576e-11 -1.1288e-09
-2.6535e-11 -1.13707e-09
-2.76815e-11 -1.14535e-09
-2.96857e-11 -1.1536e-09
-3.04433e-11 -1.16188e-09
-3.01533e-11 -1.1702e-09
-2.96153e-11 -1.17851e-09
-2.83754e-11 -1.18684e-09
-2.89132e-11 -1.19513e-09
-2.98279e-11 -1.20341e-09
-3.16268e-11 -1.21167e-09
-3.34598e-11 -1.21993e-09
-3.35862e-11 -1.22823e-09
-3.35651e-11 -1.23653e-09
-3.22171e-11 -1.24487e-09
-3.17443e-11 -1.25318e-09
-3.24035e-11 -1.26147e-09
-3.35458e-11 -1.26974e-09
-3.59633e-11 -1.27798e-09
-3.6905e-11 -1.28625e-09
-3.73035e-11 -1.29455e-09
-3.66139e-11 -1.30287e-09
-3.52434e-11 -1.31121e-09
-3.54589e-11 -1.31951e-09
-3.5883e-11 -1.3278e-09
-3.80543e-11 -1.33604e-09
-3.99619e-11 -1.34429e-09
-4.07315e-11 -1.35257e-09
-4.10519e-11 -1.36086e-09
-3.94939e-11 -1.36921e-09
-3.89959e-11 -1.37753e-09
-3.89316e-11 -1.38583e-09
-4.01291e-11 -1.3941e-09
-4.26477e-11 -1.40233e-09
-4.38995e-11 -1.41059e-09
-4.50668e-11 -1.41886e-09
-4.42717e-11 -1.42719e-09
-4.30465e-11 -1.43553e-09
-4.27187e-11 -1.44384e-09
-4.27189e-11 -1.45214e-09
-4.50386e-11 -1.46038e-09
-4.6882e-11 -1.46862e-09
-4.849e-11 -1.47687e-09
-4.90594e-11 -1.48516e-09
-4.76301e-11 -1.49351e-09
-4.7059e-11 -1.50183e-09
-4.62296e-11 -1.51015e-09
-4.74673e-11 -1.51842e-09
-4.97345e-11 -1.52665e-09
-5.14688e-11 -1.53489e-09
-5.33124e-11 -1.54314e-09
-5.25933e-11 -1.55146e-09
-5.17338e-11 -1.55979e-09
-5.07175e-11 -1.56813e-09
-5.04431e-11 -1.57644e-09
-5.25526e-11 -1.58468e-09
-5.43076e-11 -1.59292e-09
-5.678e-11 -1.60114e-09
-5.75271e-11 -1.60941e-09
-5.66135e-11 -1.61775e-09
-5.58649e-11 -1.62608e-09
-5.44199e-11 -1.63443e-09
-5.55559e-11 -1.64269e-09
-5.72928e-11 -1.65094e-09
-5.96351e-11 -1.65916e-09
-6.19261e-11 -1.66738e-09
-6.15926e-11 -1.67569e-09
-6.11979e-11 -1.68401e-09
-5.95117e-11 -1.69237e-09
-5.91089e-11 -1.70069e-09
-6.06095e-11 -1.70894e-09
-6.23531e-11 -1.71718e-09
-6.54985e-11 -1.72537e-09
-6.64486e-11 -1.73363e-09
-6.63719e-11 -1.74194e-09
-6.53583e-11 -1.75028e-09
-6.35981e-11 -1.75865e-09
-6.43696e-11 -1.76692e-09
-6.54568e-11 -1.77518e-09
-6.83829e-11 -1.78338e-09
-7.08496e-11 -1.79158e-09
-7.12668e-11 -1.79987e-09
-7.13023e-11 -1.80817e-09
-6.91718e-11 -1.81656e-09
-6.8704e-11 -1.82488e-09
-6.92839e-11 -1.83316e-09
-7.11175e-11 -1.84139e-09
-7.45586e-11 -1.84956e-09
-7.58623e-11 -1.85781e-09
-7.6775e-11 -1.86607e-09
-7.55157e-11 -1.87443e-09
-7.37973e-11 -1.8828e-09
-7.38945e-11 -1.8911e-09
-7.43906e-11 -1.89938e-09
-7.76645e-11 -1.90755e-09
-8.01043e-11 -1.91576e-09
-8.15718e-11 -1.924e-09
-8.19194e-11 -1.93229e-09
-7.97516e-11 -1.94068e-09
-7.91646e-11 -1.94901e-09
-7.87081e-11 -1.95733e-09
-8.06519e-11 -1.96555e-09
-8.39326e-11 -1.97372e-09
-8.58234e-11 -1.98194e-09
-8.76606e-11 -1.99016e-09
-8.63459e-11 -1.99852e-09
-8.49706e-11 -2.00688e-09
-8.41544e-11 -2.01522e-09
-8.42386e-11 -2.02352e-09
-8.7432e-11 -2.03169e-09
-8.97864e-11 -2.03989e-09
-9.24132e-11 -2.04807e-09
-9.29661e-11 -2.05635e-09
-9.12546e-11 -2.06473e-09
-9.0406e-11 -2.07307e-09
-8.90398e-11 -2.08143e-09
-9.09529e-11 -2.08965e-09
-9.36817e-11 -2.09784e-09
-9.63663e-11 -2.10602e-09
-9.8877e-11 -2.1142e-09
-9.78727e-11 -2.12255e-09
-9.69984e-11 -2.1309e-09
-9.52175e-11 -2.13928e-09
-9.50828e-11 -2.14759e-09
-9.76795e-11 -2.15577e-09
-1.00033e-10 -2.16397e-09
-1.03662e-10 -2.1721e-09
-1.04423e-10 -2.18037e-09
-1.03611e-10 -2.18871e-09
-1.02358e-10 -2.19707e-09
-1.00414e-10 -2.20547e-09
-1.01985e-10 -2.2137e-09
-1.03954e-10 -2.22191e-09
-1.07479e-10 -2.23004e-09
-1.10331e-10 -2.23821e-09
-1.10103e-10 -2.24652e-09
-1.09719e-10 -2.25484e-09
-1.07178e-10 -2.26327e-09
-1.06924e-10 -2.27158e-09
-1.08476e-10 -2.27981e-09
-1.10973e-10 -2.28799e-09
-1.15195e-10 -2.29609e-09
-1.16328e-10 -2.30433e-09
-1.16678e-10 -2.31262e-09
-1.1499e-10 -2.32101e-09
-1.12897e-10 -2.32941e-09
-1.1372e-10 -2.33768e-09
-1.14945e-10 -2.34592e-09
-1.19102e-10 -2.35401e-09
-1.22021e-10 -2.36217e-09
-1.22999e-10 -2.37042e-09
-1.22975e-10 -2.37873e-09
-1.2012e-10 -2.38717e-09
-1.19697e-10 -2.3955e-09
-1.1997e-10 -2.40379e-09
-1.22681e-10 -2.41195e-09
-1.26949e-10 -2.42003e-09
-1.28745e-10 -2.42824e-09
-1.30261e-10 -2.43647e-09
-1.28313e-10 -2.44487e-09
-1.26459e-10 -2.45327e-09
-1.26176e-10 -2.46159e-09
-1.26845e-10 -2.46986e-09
-1.31165e-10 -2.47793e-09
-1.3404e-10 -2.48608e-09
-1.36455e-10 -2.49426e-09
-1.36651e-10 -2.50255e-09
-1.34073e-10 -2.51099e-09
-1.33302e-10 -2.51933e-09
-1.32354e-10 -2.52769e-09
-1.35164e-10 -2.53584e-09
-1.38962e-10 -2.54394e-09
-1.41723e-10 -2.55209e-09
-1.44169e-10 -2.56026e-09
-1.4236e-10 -2.56866e-09
-1.4098e-10 -2.57704e-09
-1.39429e-10 -2.58543e-09
-1.39775e-10 -2.59371e-09
-1.43635e-10 -2.6018e-09
-1.46541e-10 -2.60994e-09
-1.5032e-10 -2.61803e-09
-1.50706e-10 -2.62631e-09
-1.48982e-10 -2.63471e-09
-1.47653e-10 -2.64309e-09
-1.45809e-10 -2.6515e-09
-1.48379e-10 -2.65966e-09
-1.51381e-10 -2.66779e-09
-1.55258e-10 -2.67587e-09
-1.58261e-10 -2.684e-09
-1.57152e-10 -2.69237e-09
-1.5628e-10 -2.70072e-09
-1.53596e-10 -2.70918e-09
-1.53764e-10 -2.71747e-09
-1.56563e-10 -2.72561e-09
-1.5968e-10 -2.73373e-09
-1.6443e-10 -2.74176e-09
-1.6517e-10 -2.75002e-09
-1.64698e-10 -2.75835e-09
-1.6271e-10 -2.76677e-09
-1.60451e-10 -2.7752e-09
-1.62283e-10 -2.7834e-09
-1.64428e-10 -2.79157e-09
-1.69284e-10 -2.79959e-09
-1.72499e-10 -2.80769e-09
-1.72659e-10 -2.81599e-09
-1.72167e-10 -2.82432e-09
-1.68799e-10 -2.83283e-09
-1.68753e-10 -2.84113e-09
-1.701e-10 -2.84935e-09
-1.73564e-10 -2.85745e-09
-1.78677e-10 -2.86544e-09
-1.8011e-10 -2.87365e-09
-1.81004e-10 -2.8819e-09
-1.78483e-10 -2.89036e-09
-1.76281e-10 -2.8988e-09
-1.7688e-10 -2.90706e-09
-1.78336e-10 -2.91528e-09
-1.83706e-10 -2.92324e-09
-1.86956e-10 -2.93134e-09
-1.88776e-10 -2.93953e-09
-1.88494e-10 -2.94785e-09
-1.85103e-10 -2.95637e-09
-1.84636e-10 -2.9647e-09
-1.8447e-10 -2.97301e-09
-1.88218e-10 -2.98108e-09
-1.93057e-10 -2.98907e-09
-1.95588e-10 -2.99721e-09
-1.97664e-10 -3.00538e-09
-1.95016e-10 -3.01386e-09
-1.93194e-10 -3.02228e-09
-1.92248e-10 -3.03064e-09
-1.93279e-10 -3.03888e-09
-1.98457e-10 -3.04685e-09
-2.0179e-10 -3.05493e-09
-2.05329e-10 -3.063e-09
-2.0519e-10 -3.07131e-09
-2.02481e-10 -3.07979e-09
-2.0131e-10 -3.08817e-09
-1.99905e-10 -3.09657e-09
-2.03599e-10 -3.10463e-09
-2.077e-10 -3.11266e-09
-2.11609e-10 -3.1207e-09
-2.14488e-10 -3.12881e-09
-2.12346e-10 -3.13726e-09
-2.10997e-10 -3.14565e-09
-2.08527e-10 -3.15412e-09
-2.09326e-10 -3.16237e-09
-2.13558e-10 -3.17039e-09
-2.17183e-10 -3.17844e-09
-2.22117e-10 -3.18641e-09
-2.22267e-10 -3.1947e-09
-2.20793e-10 -3.2031e-09
-2.18721e-10 -3.21155e-09
-2.16579e-10 -3.22e-09
-2.19648e-10 -3.22809e-09
-2.22841e-10 -3.23617e-09
-2.28109e-10 -3.24411e-09
-2.31385e-10 -3.25218e-09
-2.30459e-10 -3.26055e-09
-2.29474e-10 -3.26892e-09
-2.25876e-10 -3.27748e-09
-2.26437e-10 -3.28574e-09
-2.29149e-10 -3.29386e-09
-2.33272e-10 -3.30187e-09
-2.38976e-10 -3.30977e-09
-2.39789e-10 -3.31801e-09
-2.39807e-10 -3.32631e-09
-2.36878e-10 -3.33482e-09
-2.34543e-10 -3.34329e-09
-2.36349e-10 -3.35147e-09
-2.38752e-10 -3.3596e-09
-2.44969e-10 -3.36746e-09
-2.48394e-10 -3.37551e-09
-2.49256e-10 -3.38375e-09
-2.4844e-10 -3.39211e-09
-2.44411e-10 -3.40071e-09
-2.44506e-10 -3.409e-09
-2.45473e-10 -3.41723e-09
-2.50111e-10 -3.4252e-09
-2.55849e-10 -3.43308e-09
-2.57828e-10 -3.44124e-09
-2.59248e-10 -3.44943e-09
-2.55836e-10 -3.45799e-09
-2.5372e-10 -3.46645e-09
-2.53775e-10 -3.47475e-09
-2.55663e-10 -3.48291e-09
-2.62084e-10 -3.49074e-09
-2.65662e-10 -3.49877e-09
-2.68549e-10 -3.50685e-09
-2.6779e-10 -3.51522e-09
-2.64143e-10 -3.52379e-09
-2.63415e-10 -3.53215e-09
-2.62812e-10 -3.5405e-09
-2.67662e-10 -3.54844e-09
-2.72828e-10 -3.55635e-09
-2.76403e-10 -3.56437e-09
-2.78869e-10 -3.57249e-09
-2.75652e-10 -3.58104e-09
-2.73921e-10 -3.58948e-09
-2.7208e-10 -3.59792e-09
-2.73696e-10 -3.6061e-09
-2.79434e-10 -3.61396e-09
-2.83386e-10 -3.62196e-09
-2.88099e-10 -3.62989e-09
-2.87511e-10 -3.63824e-09
-2.84959e-10 -3.64674e-09
-2.83096e-10 -3.65519e-09
-2.81403e-10 -3.66362e-09
-2.85854e-10 -3.67158e-09
-2.90141e-10 -3.67955e-09
-2.95451e-10 -3.68743e-09
-2.98523e-10 -3.69548e-09
-2.96334e-10 -3.70396e-09
-2.9491e-10 -3.71238e-09
-2.91463e-10 -3.72095e-09
-2.92844e-10 -3.72915e-09
-2.97129e-10 -3.73711e-09
-3.01738e-10 -3.74505e-09
-3.07685e-10 -3.75287e-09
-3.07659e-10 -3.76117e-09
-3.06623e-10 -3.76956e-09
-3.03553e-10 -3.77811e-09
-3.01364e-10 -3.78659e-09
-3.04648e-10 -3.79463e-09
-3.08091e-10 -3.80265e-09
-3.14837e-10 -3.8104e-09
-3.18196e-10 -3.81843e-09
-3.17797e-10 -3.82676e-09
-3.16468e-10 -3.83518e-09
-3.12093e-10 -3.84384e-09
-3.13009e-10 -3.85207e-09
-3.15415e-10 -3.86017e-09
-3.20798e-10 -3.86803e-09
-3.27186e-10 -3.8758e-09
-3.28311e-10 -3.88401e-09
-3.28831e-10 -3.89227e-09
-3.24851e-10 -3.90091e-09
-3.22664e-10 -3.90939e-09
-3.24096e-10 -3.91757e-09
-3.26961e-10 -3.92564e-09
-3.34418e-10 -3.93331e-09
-3.38011e-10 -3.94131e-09
-3.39849e-10 -3.94946e-09
-3.38452e-10 -3.95788e-09
-3.34041e-10 -3.96656e-09
-3.34064e-10 -3.97486e-09
-3.34616e-10 -3.98311e-09
-3.40549e-10 -3.99091e-09
-3.46637e-10 -3.99869e-09
-3.49498e-10 -4.00675e-09
-3.51282e-10 -4.01489e-09
-3.47071e-10 -4.02356e-09
-3.45133e-10 -4.03203e-09
-3.4436e-10 -4.0404e-09
-3.46935e-10 -4.04848e-09
-3.54118e-10 -4.05616e-09
-3.58165e-10 -4.06411e-09
-3.6222e-10 -4.07206e-09
-3.6082e-10 -4.08048e-09
-3.57233e-10 -4.0891e-09
-3.55925e-10 -4.09752e-09
-3.55034e-10 -4.1059e-09
-3.60907e-10 -4.11369e-09
-3.66238e-10 -4.12152e-09
-3.71165e-10 -4.12938e-09
-3.73764e-10 -4.13745e-09
-3.70252e-10 -4.14607e-09
-3.68525e-10 -4.15453e-09
-3.65673e-10 -4.16308e-09
-3.68053e-10 -4.17118e-09
-3.74004e-10 -4.17895e-09
-3.78856e-10 -4.18682e-09
-3.84635e-10 -4.19459e-09
-3.83614e-10 -4.20299e-09
-3.81447e-10 -4.21149e-09
-3.78585e-10 -4.22005e-09
-3.76867e-10 -4.22851e-09
-3.81805e-10 -4.23637e-09
-3.86304e-10 -4.24426e-09
-3.93167e-10 -4.25193e-09
-3.96202e-10 -4.25996e-09
-3.94331e-10 -4.26843e-09
-3.92593e-10 -4.2769e-09
-3.88266e-10 -4.28559e-09
-3.90236e-10 -4.29372e-09
-3.94305e-10 -4.30165e-09
-4.002e-10 -4.30941e-09
-4.06896e-10 -4.31708e-09
-4.06911e-10 -4.32539e-09
-4.06363e-10 -4.33374e-09
-4.02121e-10 -4.34244e-09
-4.00145e-10 -4.35092e-09
-4.0327e-10 -4.35894e-09
-4.07165e-10 -4.36688e-09
-4.15322e-10 -4.37441e-09
-4.18675e-10 -4.3824e-09
-4.19124e-10 -4.39066e-09
-4.17157e-10 -4.39915e-09
-4.12276e-10 -4.40791e-09
-4.13354e-10 -4.41611e-09
-4.15369e-10 -4.42423e-09
-4.22199e-10 -4.43188e-09
-4.28967e-10 -4.43954e-09
-4.30754e-10 -4.44767e-09
-4.31634e-10 -4.45589e-09
-4.2664e-10 -4.46467e-09
-4.24736e-10 -4.47315e-09
-4.25456e-10 -4.48139e-09
-4.29068e-10 -4.48934e-09
-4.37495e-10 -4.49683e-09
-4.41368e-10 -4.50476e-09
-4.44342e-10 -4.51277e-09
-4.42143e-10 -4.52129e-09
-4.37688e-10 -4.53003e-09
-4.37305e-10 -4.53837e-09
-4.37562e-10 -4.54664e-09
-4.44769e-10 -4.55425e-09
-4.50999e-10 -4.56194e-09
-4.55101e-10 -4.56983e-09
-4.5698e-10 -4.57795e-09
-4.52217e-10 -4.58673e-09
-4.50399e-10 -4.59521e-09
-4.48621e-10 -4.60368e-09
-4.52114e-10 -4.61164e-09
-4.59692e-10 -4.6192e-09
-4.64493e-10 -4.62702e-09
-4.69657e-10 -4.6348e-09
-4.67572e-10 -4.64332e-09
-4.64315e-10 -4.65195e-09
-4.62072e-10 -4.66047e-09
-4.61163e-10 -4.66887e-09
-4.67815e-10 -4.67651e-09
-4.73295e-10 -4.68426e-09
-4.798e-10 -4.6919e-09
-4.82258e-10 -4.69995e-09
-4.78826e-10 -4.70861e-09
-4.76867e-10 -4.71711e-09
-4.73053e-10 -4.72579e-09
-4.76257e-10 -4.73378e-09
-4.82104e-10 -4.74149e-09
-4.882e-10 -4.74917e-09
-4.94795e-10 -4.75679e-09
-4.93519e-10 -4.76522e-09
-4.91836e-10 -4.7737e-09
-4.87735e-10 -4.78242e-09
-4.86284e-10 -4.79087e-09
-4.91324e-10 -4.79866e-09
-4.96219e-10 -4.80646e-09
-5.04635e-10 -4.81389e-09
-5.07488e-10 -4.82189e-09
-5.06303e-10 -4.83032e-09
-5.03925e-10 -4.83887e-09
-4.98968e-10 -4.84769e-09
-5.01369e-10 -4.85574e-09
-5.0508e-10 -4.86366e-09
-5.12518e-10 -4.87119e-09
-5.19635e-10 -4.87874e-09
-5.20041e-10 -4.887e-09
-5.1987e-10 -4.89532e-09
-5.14429e-10 -4.9042e-09
-5.12848e-10 -4.91266e-09
-5.15429e-10 -4.92069e-09
-5.2008e-10 -4.92851e-09
-5.29414e-10 -4.93582e-09
-5.32827e-10 -4.94375e-09
-5.34351e-10 -4.95189e-09
-5.31465e-10 -4.96051e-09
-5.26428e-10 -4.96935e-09
-5.27333e-10 -4.97755e-09
-5.29038e-10 -4.98567e-09
-5.37367e-10 -4.99309e-09
-5.44256e-10 -5.00064e-09
-5.47107e-10 -5.00864e-09
-5.48074e-10 -5.01684e-09
-5.42274e-10 -5.02577e-09
-5.40637e-10 -5.03425e-09
-5.40399e-10 -5.04257e-09
-5.45044e-10 -5.05038e-09
-5.54067e-10 -5.0577e-09
-5.5849e-10 -5.06552e-09
-5.62599e-10 -5.07337e-09
-5.59486e-10 -5.08201e-09
-5.55301e-10 -5.09077e-09
-5.54116e-10 -5.09921e-09
-5.5434e-10 -5.10748e-09
-5.62627e-10 -5.11488e-09
-5.68927e-10 -5.12249e-09
-5.74567e-10 -5.13016e-09
-5.7623e-10 -5.13828e-09
-5.71291e-10 -5.14713e-09
-5.69372e-10 -5.15565e-09
-5.66573e-10 -5.16426e-09
-5.71112e-10 -5.17206e-09
-5.78723e-10 -5.17952e-09
-5.84653e-10 -5.18716e-09
-5.90701e-10 -5.19477e-09
-5.88059e-10 -5.20338e-09
-5.85284e-10 -5.21199e-09
-5.81796e-10 -5.22069e-09
-5.81191e-10 -5.22906e-09
-5.88241e-10 -5.23657e-09
-5.94025e-10 -5.24422e-09
-6.02182e-10 -5.25159e-09
-6.04293e-10 -5.25966e-09
-6.01351e-10 -5.2683e-09
-5.9881e-10 -5.27689e-09
-5.9425e-10 -5.28571e-09
-5.98172e-10 -5.29357e-09
-6.03708e-10 -5.30124e-09
-6.11375e-10 -5.30866e-09
-6.18443e-10 -5.31615e-09
-6.17251e-10 -5.32459e-09
-6.15978e-10 -5.33304e-09
-6.10535e-10 -5.34197e-09
-6.09588e-10 -5.35038e-09
-6.14302e-10 -5.35814e-09
-6.1991e-10 -5.3658e-09
-6.29697e-10 -5.37297e-09
-6.32374e-10 -5.38096e-09
-6.32165e-10 -5.38928e-09
-6.2881e-10 -5.39798e-09
-6.23581e-10 -5.40689e-09
-6.26091e-10 -5.4149e-09
-6.29471e-10 -5.42281e-09
-6.38588e-10 -5.43005e-09
-6.45814e-10 -5.4375e-09
-6.47047e-10 -5.44565e-09
-6.46986e-10 -5.45397e-09
-6.405e-10 -5.46303e-09
-6.39353e-10 -5.47147e-09
-6.41072e-10 -5.47957e-09
-6.46819e-10 -5.4872e-09
-6.56962e-10 -5.4943e-09
-6.60676e-10 -5.50215e-09
-6.63336e-10 -5.51014e-09
-6.59347e-10 -5.51892e-09
-6.54511e-10 -5.5278e-09
-6.54814e-10 -5.53606e-09
-6.56452e-10 -5.54417e-09
-6.66151e-10 -5.55132e-09
-6.73024e-10 -5.55879e-09
-6.77309e-10 -5.56658e-09
-6.78018e-10 -5.5748e-09
-6.71773e-10 -5.58385e-09
-6.70211e-10 -5.59234e-09
-6.68928e-10 -5.6008e-09
-6.74809e-10 -5.6084e-09
-6.84024e-10 -5.61558e-09
-6.89391e-10 -5.62323e-09
-6.94451e-10 -5.63091e-09
-6.90486e-10 -5.6397e-09
-6.8678e-10 -5.64846e-09
-6.84413e-10 -5.65705e-09
-6.84953e-10 -5.66528e-09
-6.93961e-10 -5.67249e-09
-7.00438e-10 -5.68e-09
-7.07778e-10 -5.68739e-09
-7.08954e-10 -5.69555e-09
-7.04276e-10 -5.70443e-09
-7.01896e-10 -5.71303e-09
-6.98246e-10 -5.72178e-09
-7.03794e-10 -5.7294e-09
-7.1116e-10 -5.73679e-09
-7.18611e-10 -5.74417e-09
-7.25198e-10 -5.75165e-09
-7.22305e-10 -5.76031e-09
-7.19988e-10 -5.76891e-09
-7.1507e-10 -5.77782e-09
-7.15063e-10 -5.78612e-09
-7.22054e-10 -5.79356e-09
-7.28452e-10 -5.80106e-09
-7.38147e-10 -5.80814e-09
-7.39847e-10 -5.81623e-09
-7.37749e-10 -5.8248e-09
-7.34236e-10 -5.83354e-09
-7.29282e-10 -5.84247e-09
-7.33633e-10 -5.85022e-09
-7.38821e-10 -5.85787e-09
-7.48284e-10 -5.86498e-09
-7.55467e-10 -5.87236e-09
-7.54811e-10 -5.88075e-09
-7.537e-10 -5.88919e-09
-7.47001e-10 -5.89835e-09
-7.46663e-10 -5.90669e-09
-7.50665e-10 -5.91449e-09
-7.57368e-10 -5.92194e-09
-7.6818e-10 -5.92885e-09
-7.70876e-10 -5.9368e-09
-7.71781e-10 -5.94499e-09
-7.67183e-10 -5.95389e-09
-7.62074e-10 -5.96284e-09
-7.64247e-10 -5.97087e-09
-7.67509e-10 -5.97875e-09
-7.78257e-10 -5.98567e-09
-7.85385e-10 -5.99304e-09
-7.87881e-10 -6.00102e-09
-7.87559e-10 -6.00936e-09
-7.80358e-10 -6.0186e-09
-7.79497e-10 -6.02702e-09
-7.80187e-10 -6.03523e-09
-7.8731e-10 -6.04261e-09
-7.97828e-10 -6.04953e-09
-8.02238e-10 -6.05725e-09
-8.05907e-10 -6.06507e-09
-8.00795e-10 -6.07405e-09
-7.96431e-10 -6.08293e-09
-7.95689e-10 -6.09132e-09
-7.97624e-10 -6.09937e-09
-8.08375e-10 -6.10626e-09
-8.15278e-10 -6.11365e-09
-8.21248e-10 -6.12115e-09
-8.21366e-10 -6.12944e-09
-8.15131e-10 -6.13858e-09
-8.13287e-10 -6.14712e-09
-8.11067e-10 -6.15572e-09
-8.18228e-10 -6.16307e-09
-8.2729e-10 -6.17017e-09
-8.3405e-10 -6.17756e-09
-8.39724e-10 -6.1851e-09
-8.35162e-10 -6.19402e-09
-8.31974e-10 -6.20275e-09
-8.28152e-10 -6.21156e-09
-8.29358e-10 -6.2197e-09
-8.38613e-10 -6.22676e-09
-8.45557e-10 -6.23413e-09
-8.54564e-10 -6.2412e-09
-8.5511e-10 -6.24943e-09
-8.51108e-10 -6.25828e-09
-8.47831e-10 -6.26703e-09
-8.43664e-10 -6.27589e-09
-8.49983e-10 -6.28334e-09
-8.56992e-10 -6.29069e-09
-8.66283e-10 -6.29773e-09
-8.73011e-10 -6.3051e-09
-8.70318e-10 -6.31378e-09
-8.68246e-10 -6.32237e-09
-8.61901e-10 -6.33154e-09
-8.62671e-10 -6.33973e-09
-8.69152e-10 -6.34715e-09
-8.76578e-10 -6.35443e-09
-8.87509e-10 -6.36122e-09
-8.88929e-10 -6.36933e-09
-8.8789e-10 -6.37777e-09
-8.83059e-10 -6.38675e-09
-8.78132e-10 -6.39573e-09
-8.82468e-10 -6.40343e-09
-8.87469e-10 -6.41104e-09
-8.98777e-10 -6.41777e-09
-9.05796e-10 -6.42509e-09
-9.06164e-10 -6.43334e-09
-9.04834e-10 -6.44183e-09
-8.9716e-10 -6.45121e-09
-8.97343e-10 -6.45949e-09
-9.00377e-10 -6.46736e-09
-9.08535e-10 -6.47453e-09
-9.19925e-10 -6.48122e-09
-9.23016e-10 -6.48909e-09
-9.24971e-10 -6.49711e-09
-9.19022e-10 -6.50626e-09
-9.14367e-10 -6.51522e-09
-9.15708e-10 -6.52333e-09
-9.19212e-10 -6.53114e-09
-9.31337e-10 -6.53773e-09
-9.38339e-10 -6.54503e-09
-9.42437e-10 -6.55274e-09
-9.41464e-10 -6.56119e-09
-9.34006e-10 -6.57056e-09
-9.33095e-10 -6.57899e-09
-9.32787e-10 -6.58733e-09
-9.41426e-10 -6.59441e-09
-9.51912e-10 -6.60121e-09
-9.57505e-10 -6.6087e-09
-9.61871e-10 -6.61637e-09
-9.55825e-10 -6.62555e-09
-9.5204e-10 -6.6344e-09
-9.49893e-10 -6.64301e-09
-9.52523e-10 -6.65093e-09
-9.63861e-10 -6.6576e-09
-9.7104e-10 -6.66486e-09
-9.78757e-10 -6.67204e-09
-9.78055e-10 -6.68045e-09
-9.72296e-10 -6.68959e-09
-9.69702e-10 -6.69827e-09
-9.66843e-10 -6.70698e-09
-9.75123e-10 -6.71409e-09
-9.83835e-10 -6.72112e-09
-9.92392e-10 -6.72816e-09
-9.98257e-10 -6.7356e-09
-9.93531e-10 -6.7446e-09
-9.90693e-10 -6.75332e-09
-9.85327e-10 -6.76241e-09
-9.87456e-10 -6.7704e-09
-9.96456e-10 -6.77739e-09
-1.00429e-09 -6.78453e-09
-1.01473e-09 -6.79128e-09
-1.01469e-09 -6.79959e-09
-1.01166e-09 -6.80835e-09
-1.00707e-09 -6.81733e-09
-1.00282e-09 -6.82626e-09
-1.00949e-09 -6.83358e-09
-1.01624e-09 -6.84088e-09
-1.02752e-09 -6.8475e-09
-1.03404e-09 -6.85482e-09
-1.03208e-09 -6.86342e-09
-1.02987e-09 -6.87206e-09
-1.02231e-09 -6.88149e-09
-1.02385e-09 -6.88956e-09
-1.02948e-09 -6.89702e-09
-1.03836e-09 -6.904e-09
-1.05008e-09 -6.91053e-09
-1.05156e-09 -6.91861e-09
-1.05159e-09 -6.92691e-09
-1.04524e-09 -6.93617e-09
-1.04073e-09 -6.94515e-09
-1.04452e-09 -6.95288e-09
-1.04968e-09 -6.96041e-09
-1.06266e-09 -6.96674e-09
-1.0694e-09 -6.97401e-09
-1.07122e-09 -6.98204e-09
-1.06923e-09 -6.99065e-09
-1.06102e-09 -7.0002e-09
-1.06143e-09 -7.00844e-09
-1.06344e-09 -7.01644e-09
-1.07329e-09 -7.02324e-09
-1.0848e-09 -7.02978e-09
-1.08879e-09 -7.03746e-09
-1.09153e-09 -7.04534e-09
-1.08433e-09 -7.05476e-09
-1.08032e-09 -7.06368e-09
-1.08038e-09 -7.07197e-09
-1.08457e-09 -7.07963e-09
-1.09763e-09 -7.08592e-09
-1.10469e-09 -7.09313e-09
-1.11056e-09 -7.10052e-09
-1.10862e-09 -7.10912e-09
-1.10141e-09 -7.11855e-09
-1.09996e-09 -7.12707e-09
-1.0989e-09 -7.13554e-09
-1.10899e-09 -7.14228e-09
-1.11916e-09 -7.14899e-09
-1.12642e-09 -7.15616e-09
-1.13104e-09 -7.16373e-09
-1.12445e-09 -7.17307e-09
-1.12115e-09 -7.1819e-09
-1.1174e-09 -7.19078e-09
-1.12106e-09 -7.19851e-09
-1.13245e-09 -7.20503e-09
-1.14033e-09 -7.21209e-09
-1.14963e-09 -7.21892e-09
-1.14806e-09 -7.22747e-09
-1.14316e-09 -7.23656e-09
-1.13932e-09 -7.24546e-09
-1.13626e-09 -7.25424e-09
-1.14529e-09 -7.26113e-09
-1.15366e-09 -7.2681e-09
-1.16428e-09 -7.27471e-09
-1.16992e-09 -7.28211e-09
-1.16558e-09 -7.29112e-09
-1.16273e-09 -7.29987e-09
-1.15596e-09 -7.30925e-09
-1.15909e-09 -7.31706e-09
-1.1674e-09 -7.32404e-09
-1.17662e-09 -7.33086e-09
-1.18807e-09 -7.33732e-09
-1.18772e-09 -7.34568e-09
-1.18577e-09 -7.3543e-09
-1.17955e-09 -7.36361e-09
-1.17567e-09 -7.37253e-09
-1.18213e-09 -7.37979e-09
-1.18892e-09 -7.38701e-09
-1.20214e-09 -7.39317e-09
-1.20824e-09 -7.40048e-09
-1.2075e-09 -7.40891e-09
-1.20468e-09 -7.41767e-09
-1.19632e-09 -7.42732e-09
-1.19839e-09 -7.43529e-09
-1.20301e-09 -7.44285e-09
-1.2137e-09 -7.44942e-09
-1.22571e-09 -7.45575e-09
-1.22774e-09 -7.46372e-09
-1.22864e-09 -7.47188e-09
-1.22077e-09 -7.48147e-09
-1.21695e-09 -7.4904e-09
-1.21967e-09 -7.49826e-09
-1.22544e-09 -7.50562e-09
-1.23972e-09 -7.51158e-09
-1.24628e-09 -7.51879e-09
-1.24982e-09 -7.52651e-09
-1.24677e-09 -7.53532e-09
-1.23857e-09 -7.54498e-09
-1.23873e-09 -7.55325e-09
-1.23988e-09 -7.56136e-09
-1.25147e-09 -7.56776e-09
-1.26272e-09 -7.57419e-09
-1.26816e-09 -7.58159e-09
-1.27125e-09 -7.58937e-09
-1.26314e-09 -7.59903e-09
-1.25973e-09 -7.6079e-09
-1.25822e-09 -7.61645e-09
-1.2635e-09 -7.62388e-09
-1.27695e-09 -7.62994e-09
-1.28446e-09 -7.63699e-09
-1.29203e-09 -7.64401e-09
-1.28897e-09 -7.65283e-09
-1.28246e-09 -7.66223e-09
-1.27994e-09 -7.67095e-09
-1.27855e-09 -7.67949e-09
-1.28978e-09 -7.68591e-09
-1.29954e-09 -7.69257e-09
-1.30885e-09 -7.6993e-09
-1.31327e-09 -7.70685e-09
-1.30668e-09 -7.71627e-09
-1.30353e-09 -7.72511e-09
-1.29822e-09 -7.7343e-09
-1.3031e-09 -7.74178e-09
-1.31402e-09 -7.74824e-09
-1.32312e-09 -7.75499e-09
-1.33364e-09 -7.7615e-09
-1.3314e-09 -7.77019e-09
-1.32754e-09 -7.77915e-09
-1.32206e-09 -7.78839e-09
-1.31929e-09 -7.79716e-09
-1.32852e-09 -7.80389e-09
-1.33679e-09 -7.81078e-09
-1.34953e-09 -7.81689e-09
-1.35465e-09 -7.82432e-09
-1.35125e-09 -7.83321e-09
-1.3479e-09 -7.84209e-09
-1.34006e-09 -7.85173e-09
-1.34405e-09 -7.85935e-09
-1.35141e-09 -7.86639e-09
-1.36246e-09 -7.87279e-09
-1.37438e-09 -7.87902e-09
-1.37421e-09 -7.88736e-09
-1.37319e-09 -7.89584e-09
-1.36524e-09 -7.90552e-09
-1.36208e-09 -7.91437e-09
-1.36776e-09 -7.92169e-09
-1.37505e-09 -7.92873e-09
-1.38989e-09 -7.93444e-09
-1.39558e-09 -7.94175e-09
-1.39646e-09 -7.9499e-09
-1.39255e-09 -7.95889e-09
-1.38393e-09 -7.96869e-09
-1.38608e-09 -7.97662e-09
-1.38977e-09 -7.98428e-09
-1.40242e-09 -7.99037e-09
-1.41427e-09 -7.99659e-09
-1.41745e-09 -8.00433e-09
-1.41881e-09 -8.01239e-09
-1.40967e-09 -8.02231e-09
-1.4066e-09 -8.03115e-09
-1.40784e-09 -8.03923e-09
-1.41471e-09 -8.04633e-09
-1.42974e-09 -8.05198e-09
-1.43646e-09 -8.05909e-09
-1.44176e-09 -8.06644e-09
-1.43741e-09 -8.07552e-09
-1.42971e-09 -8.08519e-09
-1.42904e-09 -8.09361e-09
-1.42973e-09 -8.10179e-09
-1.44284e-09 -8.10777e-09
-1.45365e-09 -8.11414e-09
-1.46102e-09 -8.12112e-09
-1.46396e-09 -8.1289e-09
