0 0
2.07208e-14 -6.73455e-11
6.6234e-14 -1.34691e-10
5.3082e-14 -2.02037e-10
2.35997e-14 -2.69382e-10
-1.26248e-13 -3.36728e-10
-2.30603e-13 -4.04073e-10
-2.60249e-13 -4.71419e-10
-2.36504e-13 -5.38764e-10
6.65987e-15 -6.0611e-10
1.00193e-13 -6.73455e-10
2.12656e-13 -7.40801e-10
8.63512e-14 -8.08146e-10
-2.62452e-13 -8.75492e-10
-4.90166e-13 -9.42837e-10
-8.44104e-13 -1.01018e-09
-7.38985e-13 -1.07753e-09
-5.31993e-13 -1.14487e-09
-2.24548e-13 -1.21222e-09
1.72659e-13 -1.27957e-09
5.56108e-16 -1.34691e-09
-1.60106e-13 -1.41426e-09
-7.8974e-13 -1.4816e-09
-1.32499e-12 -1.54895e-09
-1.45272e-12 -1.61629e-09
-1.53032e-12 -1.68364e-09
-8.61065e-13 -1.75098e-09
-4.98707e-13 -1.81833e-09
-1.57234e-13 -1.88567e-09
-1.99835e-13 -1.95302e-09
-9.90691e-13 -2.02037e-09
-1.50042e-12 -2.08771e-09
-2.37634e-12 -2.15506e-09
-2.46777e-12 -2.2224e-09
-2.09554e-12 -2.28975e-09
-1.63457e-12 -2.35709e-09
-6.80607e-13 -2.42444e-09
-7.46699e-13 -2.49178e-09
-8.92842e-13 -2.55913e-09
-1.78241e-12 -2.62648e-09
-2.94733e-12 -2.69382e-09
-3.31974e-12 -2.76116e-09
-3.75777e-12 -2.82851e-09
-2.89755e-12 -2.89586e-09
-2.14284e-12 -2.9632e-09
-1.5288e-12 -3.03055e-09
-1.1307e-12 -3.09789e-09
-2.17658e-12 -3.16524e-09
-2.93946e-12 -3.23258e-09
-4.34019e-12 -3.29993e-09
-4.99974e-12 -3.36727e-09
-4.60466e-12 -3.43462e-09
-4.19206e-12 -3.50196e-09
-2.66863e-12 -3.56931e-09
-2.33735e-12 -3.63666e-09
-2.33213e-12 -3.704e-09
-3.14714e-12 -3.77135e-09
-4.97537e-12 -3.83869e-09
-5.72856e-12 -3.90604e-09
-6.71051e-12 -3.97338e-09
-6.04067e-12 -4.04073e-09
-4.87722e-12 -4.10807e-09
-4.02898e-12 -4.17542e-09
-2.92897e-12 -4.24277e-09
-3.90708e-12 -4.31011e-09
-4.8446e-12 -4.37746e-09
-6.61449e-12 -4.4448e-09
-8.1346e-12 -4.51214e-09
-7.9342e-12 -4.57949e-09
-7.79168e-12 -4.64683e-09
-5.8972e-12 -4.71418e-09
-4.92058e-12 -4.78153e-09
-4.65315e-12 -4.84887e-09
-5.02255e-12 -4.91622e-09
-7.35073e-12 -4.98356e-09
-8.58247e-12 -5.05091e-09
-1.01762e-11 -5.11825e-09
-1.01401e-11 -5.18559e-09
-8.68944e-12 -5.25294e-09
-7.71142e-12 -5.32029e-09
-5.81866e-12 -5.38764e-09
-6.32734e-12 -5.45498e-09
-7.31446e-12 -5.52233e-09
-9.1708e-12 -5.58967e-09
-1.16804e-11 -5.65701e-09
-1.1937e-11 -5.72436e-09
-1.22602e-11 -5.7917e-09
-1.03755e-11 -5.85905e-09
-8.62172e-12 -5.9264e-09
-8.01734e-12 -5.99374e-09
-7.62087e-12 -6.06109e-09
-1.00962e-11 -6.12843e-09
-1.18365e-11 -6.19577e-09
-1.39795e-11 -6.26312e-09
-1.498e-11 -6.33046e-09
-1.35066e-11 -6.39781e-09
-1.25465e-11 -6.46516e-09
-9.97999e-12 -6.53251e-09
-9.62161e-12 -6.59985e-09
-1.04931e-11 -6.6672e-09
-1.2083e-11 -6.73454e-09
-1.54919e-11 -6.80188e-09
-1.64646e-11 -6.86922e-09
-1.73883e-11 -6.93656e-09
-1.60054e-11 -7.00391e-09
-1.35188e-11 -7.07126e-09
-1.25442e-11 -7.13861e-09
-1.11915e-11 -7.20596e-09
-1.33205e-11 -7.2733e-09
-1.55062e-11 -7.34064e-09
-1.80156e-11 -7.40798e-09
-2.03148e-11 -7.47532e-09
-1.92e-11 -7.54267e-09
-1.84257e-11 -7.61002e-09
-1.55096e-11 -7.67737e-09
-1.3986e-11 -7.74472e-09
-1.4548e-11 -7.81206e-09
-1.55193e-11 -7.87941e-09
-1.95029e-11 -7.94674e-09
-2.13895e-11 -8.01408e-09
-2.29672e-11 -8.08142e-09
-2.25907e-11 -8.14877e-09
-1.96229e-11 -8.21612e-09
-1.82909e-11 -8.28347e-09
-1.59758e-11 -8.35082e-09
-1.72095e-11 -8.41817e-09
-1.96689e-11 -8.48551e-09
-2.22727e-11 -8.55285e-09
-2.59146e-11 -8.62018e-09
-2.55982e-11 -8.68753e-09
-2.51796e-11 -8.75487e-09
-2.23935e-11 -8.82223e-09
-1.95958e-11 -8.88958e-09
-1.96445e-11 -8.95692e-09
-1.97177e-11 -9.02427e-09
-2.37486e-11 -9.09161e-09
-2.66264e-11 -9.15894e-09
-2.88249e-11 -9.22628e-09
-2.9865e-11 -9.29362e-09
-2.6866e-11 -9.36098e-09
-2.52418e-11 -9.42833e-09
-2.21607e-11 -9.49568e-09
-2.20033e-11 -9.56303e-09
-2.4456e-11 -9.63037e-09
-2.68395e-11 -9.69771e-09
-3.16092e-11 -9.76504e-09
-3.25084e-11 -9.83238e-09
-3.26034e-11 -9.89973e-09
-3.0499e-11 -9.96708e-09
-2.65717e-11 -1.00344e-08
-2.59212e-11 -1.01018e-08
-2.49482e-11 -1.01691e-08
-2.83708e-11 -1.02365e-08
-3.21504e-11 -1.03038e-08
-3.48564e-11 -1.03711e-08
-3.75353e-11 -1.04385e-08
-3.50995e-11 -1.05058e-08
-3.33092e-11 -1.05732e-08
-2.98385e-11 -1.06405e-08
-2.79616e-11 -1.07079e-08
-3.00387e-11 -1.07752e-08
-3.18955e-11 -1.08426e-08
-3.73259e-11 -1.09099e-08
-3.97442e-11 -1.09772e-08
-4.04885e-11 -1.10446e-08
-3.95884e-11 -1.11119e-08
-3.495e-11 -1.11793e-08
-3.34696e-11 -1.12466e-08
-3.14675e-11 -1.1314e-08
-3.36072e-11 -1.13813e-08
-3.80075e-11 -1.14487e-08
-4.10434e-11 -1.1516e-08
-4.53323e-11 -1.15833e-08
-4.41065e-11 -1.16507e-08
-4.23444e-11 -1.1718e-08
-3.89823e-11 -1.17854e-08
-3.53214e-11 -1.18527e-08
-3.66073e-11 -1.19201e-08
-3.7688e-11 -1.19874e-08
-4.31135e-11 -1.20547e-08
-4.71561e-11 -1.21221e-08
-4.86527e-11 -1.21894e-08
-4.93518e-11 -1.22568e-08
-4.4662e-11 -1.23241e-08
-4.23193e-11 -1.23915e-08
-3.94734e-11 -1.24588e-08
-3.9763e-11 -1.25262e-08
-4.43172e-11 -1.25935e-08
-4.74616e-11 -1.26608e-08
-5.30598e-11 -1.27282e-08
-5.36265e-11 -1.27955e-08
-5.2155e-11 -1.28629e-08
-4.94398e-11 -1.29302e-08
-4.42529e-11 -1.29976e-08
-4.43479e-11 -1.30649e-08
-4.4496e-11 -1.31323e-08
-4.91474e-11 -1.31996e-08
-5.46612e-11 -1.32669e-08
-5.69669e-11 -1.33343e-08
-5.9455e-11 -1.34016e-08
-5.55293e-11 -1.3469e-08
-5.24306e-11 -1.35363e-08
-4.90667e-11 -1.36037e-08
-4.71679e-11 -1.3671e-08
-5.12653e-11 -1.37384e-08
-5.4275e-11 -1.38057e-08
-6.0635e-11 -1.3873e-08
-6.33921e-11 -1.39403e-08
-6.25279e-11 -1.40077e-08
-6.09498e-11 -1.4075e-08
-5.48195e-11 -1.41424e-08
-5.34179e-11 -1.42098e-08
-5.25883e-11 -1.42771e-08
-5.57152e-11 -1.43444e-08
-6.22655e-11 -1.44118e-08
-6.53756e-11 -1.44791e-08
-6.95935e-11 -1.45464e-08
-6.7276e-11 -1.46138e-08
-6.36944e-11 -1.46811e-08
-6.02278e-11 -1.47485e-08
-5.6125e-11 -1.48159e-08
-5.90861e-11 -1.48832e-08
-6.17163e-11 -1.49505e-08
-6.81127e-11 -1.50179e-08
-7.31716e-11 -1.50852e-08
-7.32542e-11 -1.51525e-08
-7.31776e-11 -1.52199e-08
-6.69517e-11 -1.52872e-08
-6.3923e-11 -1.53546e-08
-6.21809e-11 -1.5422e-08
-6.31828e-11 -1.54893e-08
-7.00764e-11 -1.55566e-08
-7.39075e-11 -1.56239e-08
-7.95437e-11 -1.56913e-08
-7.9561e-11 -1.57586e-08
-7.59388e-11 -1.5826e-08
-7.28119e-11 -1.58933e-08
-6.68564e-11 -1.59607e-08
-6.80379e-11 -1.6028e-08
-7.00584e-11 -1.60954e-08
-7.56898e-11 -1.61627e-08
-8.28111e-11 -1.623e-08
-8.41543e-11 -1.62973e-08
-8.57634e-11 -1.63647e-08
-8.04394e-11 -1.64321e-08
-7.58976e-11 -1.64994e-08
-7.34014e-11 -1.65668e-08
-7.19452e-11 -1.66341e-08
-7.83014e-11 -1.67014e-08
-8.26774e-11 -1.67688e-08
-8.92042e-11 -1.68361e-08
-9.20245e-11 -1.69034e-08
-8.89419e-11 -1.69708e-08
-8.65644e-11 -1.70381e-08
-7.94567e-11 -1.71055e-08
-7.83708e-11 -1.71729e-08
-7.9578e-11 -1.72402e-08
-8.36877e-11 -1.73075e-08
-9.22694e-11 -1.73748e-08
-9.51013e-11 -1.74422e-08
-9.83758e-11 -1.75095e-08
-9.49473e-11 -1.75769e-08
-8.92906e-11 -1.76442e-08
-8.62664e-11 -1.77116e-08
-8.23667e-11 -1.7779e-08
-8.72323e-11 -1.78463e-08
-9.18771e-11 -1.79136e-08
-9.86189e-11 -1.79809e-08
-1.04343e-10 -1.80482e-08
-1.02452e-10 -1.81156e-08
-1.01155e-10 -1.81829e-08
-9.38612e-11 -1.82503e-08
-9.02924e-11 -1.83177e-08
-9.05185e-11 -1.8385e-08
-9.2515e-11 -1.84524e-08
-1.01639e-10 -1.85197e-08
-1.06041e-10 -1.8587e-08
-1.10762e-10 -1.86543e-08
-1.10054e-10 -1.87216e-08
-1.03958e-10 -1.8789e-08
-1.00674e-10 -1.88564e-08
-9.4721e-11 -1.89238e-08
-9.72155e-11 -1.89911e-08
-1.01756e-10 -1.90584e-08
-1.07982e-10 -1.91257e-08
-1.16285e-10 -1.9193e-08
-1.16214e-10 -1.92604e-08
-1.16219e-10 -1.93277e-08
-1.09837e-10 -1.93951e-08
-1.03932e-10 -1.94625e-08
-1.03057e-10 -1.95298e-08
-1.02614e-10 -1.95972e-08
-1.11152e-10 -1.96645e-08
-1.17006e-10 -1.97318e-08
-1.2279e-10 -1.97991e-08
-1.25309e-10 -1.98664e-08
-1.19667e-10 -1.99338e-08
-1.16415e-10 -2.00012e-08
-1.09138e-10 -2.00686e-08
-1.08611e-10 -2.01359e-08
-1.12594e-10 -2.02032e-08
-1.17618e-10 -2.02705e-08
-1.27757e-10 -2.03378e-08
-1.29999e-10 -2.04052e-08
-1.31413e-10 -2.04725e-08
-1.27004e-10 -2.05399e-08
-1.19312e-10 -2.06073e-08
-1.17277e-10 -2.06746e-08
-1.14399e-10 -2.0742e-08
-1.21159e-10 -2.08093e-08
-1.28119e-10 -2.08766e-08
-1.34465e-10 -2.09439e-08
-1.40299e-10 -2.10112e-08
-1.36113e-10 -2.10786e-08
-1.33198e-10 -2.11459e-08
-1.25572e-10 -2.12133e-08
-1.21744e-10 -2.12807e-08
-1.24671e-10 -2.1348e-08
-1.27949e-10 -2.14154e-08
-1.38832e-10 -2.14826e-08
-1.43637e-10 -2.155e-08
-1.46451e-10 -2.16173e-08
-1.44875e-10 -2.16846e-08
-1.36325e-10 -2.1752e-08
-1.33163e-10 -2.18194e-08
-1.28191e-10 -2.18868e-08
-1.32099e-10 -2.19541e-08
-1.39588e-10 -2.20214e-08
-1.45946e-10 -2.20887e-08
-1.54715e-10 -2.2156e-08
-1.52943e-10 -2.22233e-08
-1.50683e-10 -2.22907e-08
-1.43789e-10 -2.23581e-08
-1.36853e-10 -2.24255e-08
-1.38236e-10 -2.24928e-08
-1.39437e-10 -2.25602e-08
-1.49756e-10 -2.26274e-08
-1.57047e-10 -2.26947e-08
-1.61151e-10 -2.27621e-08
-1.62927e-10 -2.28294e-08
-1.54727e-10 -2.28968e-08
-1.5059e-10 -2.29642e-08
-1.44163e-10 -2.30315e-08
-1.44446e-10 -2.30989e-08
-1.51693e-10 -2.31662e-08
-1.57521e-10 -2.32335e-08
-1.68407e-10 -2.33008e-08
-1.69806e-10 -2.33681e-08
-1.68524e-10 -2.34355e-08
-1.63388e-10 -2.35028e-08
-1.54042e-10 -2.35702e-08
-1.53474e-10 -2.36376e-08
-1.52526e-10 -2.3705e-08
-1.60933e-10 -2.37722e-08
-1.70261e-10 -2.38395e-08
-1.75456e-10 -2.39068e-08
-1.80668e-10 -2.39741e-08
-1.74155e-10 -2.40415e-08
-1.69344e-10 -2.41089e-08
-1.62305e-10 -2.41763e-08
-1.58644e-10 -2.42437e-08
-1.64757e-10 -2.4311e-08
-1.69583e-10 -2.43783e-08
-1.81418e-10 -2.44456e-08
-1.86391e-10 -2.45129e-08
-1.86405e-10 -2.45802e-08
-1.83852e-10 -2.46476e-08
-1.73248e-10 -2.4715e-08
-1.70489e-10 -2.47824e-08
-1.67578e-10 -2.48497e-08
-1.72882e-10 -2.4917e-08
-1.8343e-10 -2.49843e-08
-1.89442e-10 -2.50516e-08
-1.9772e-10 -2.51189e-08
-1.94155e-10 -2.51863e-08
-1.89139e-10 -2.52536e-08
-1.82414e-10 -2.5321e-08
-1.75043e-10 -2.53884e-08
-1.79118e-10 -2.54557e-08
-1.8258e-10 -2.55231e-08
-1.93995e-10 -2.55903e-08
-2.02485e-10 -2.56576e-08
-2.04074e-10 -2.57249e-08
-2.0461e-10 -2.57923e-08
-1.94226e-10 -2.58597e-08
-1.89285e-10 -2.59271e-08
-1.84817e-10 -2.59945e-08
-1.86176e-10 -2.60618e-08
-1.96826e-10 -2.61291e-08
-2.03317e-10 -2.61964e-08
-2.13874e-10 -2.62636e-08
-2.1424e-10 -2.6331e-08
-2.0964e-10 -2.63984e-08
-2.04112e-10 -2.64657e-08
-1.93837e-10 -2.65332e-08
-1.9509e-10 -2.66005e-08
-1.96962e-10 -2.66678e-08
-2.06568e-10 -2.67351e-08
-2.18008e-10 -2.68024e-08
-2.21377e-10 -2.68697e-08
-2.25122e-10 -2.6937e-08
-2.16559e-10 -2.70044e-08
-2.09758e-10 -2.70718e-08
-2.04297e-10 -2.71392e-08
-2.01369e-10 -2.72066e-08
-2.1082e-10 -2.72738e-08
-2.17399e-10 -2.73411e-08
-2.29128e-10 -2.74084e-08
-2.3395e-10 -2.74757e-08
-2.30499e-10 -2.75431e-08
-2.26891e-10 -2.76104e-08
-2.15014e-10 -2.76779e-08
-2.12929e-10 -2.77452e-08
-2.13124e-10 -2.78126e-08
-2.1971e-10 -2.78799e-08
-2.33042e-10 -2.79471e-08
-2.38268e-10 -2.80144e-08
-2.44949e-10 -2.80817e-08
-2.39696e-10 -2.81491e-08
-2.31702e-10 -2.82165e-08
-2.25883e-10 -2.82839e-08
-2.18914e-10 -2.83513e-08
-2.25848e-10 -2.84186e-08
-2.32085e-10 -2.84859e-08
-2.43702e-10 -2.85531e-08
-2.52928e-10 -2.86204e-08
-2.51383e-10 -2.86878e-08
-2.50179e-10 -2.87551e-08
-2.3834e-10 -2.88226e-08
-2.32795e-10 -2.889e-08
-2.31351e-10 -2.89573e-08
-2.34065e-10 -2.90246e-08
-2.47844e-10 -2.90919e-08
-2.54828e-10 -2.91592e-08
-2.63823e-10 -2.92264e-08
-2.63024e-10 -2.92938e-08
-2.5481e-10 -2.93612e-08
-2.49267e-10 -2.94286e-08
-2.39093e-10 -2.9496e-08
-2.42367e-10 -2.95633e-08
-2.47804e-10 -2.96306e-08
-2.5802e-10 -2.96979e-08
-2.70974e-10 -2.97651e-08
-2.72007e-10 -2.98325e-08
-2.73415e-10 -2.98998e-08
-2.63362e-10 -2.99672e-08
-2.54726e-10 -3.00346e-08
-2.51786e-10 -3.0102e-08
-2.50269e-10 -3.01694e-08
-2.62826e-10 -3.02366e-08
-2.71255e-10 -3.03039e-08
-2.81678e-10 -3.03711e-08
-2.8594e-10 -3.04384e-08
-2.78703e-10 -3.05059e-08
-2.74005e-10 -3.05732e-08
-2.61956e-10 -3.06407e-08
-2.60803e-10 -3.0708e-08
-2.64973e-10 -3.07754e-08
-2.72663e-10 -3.08426e-08
-2.88093e-10 -3.09098e-08
-2.9217e-10 -3.09771e-08
-2.96122e-10 -3.10445e-08
-2.8946e-10 -3.11119e-08
-2.78615e-10 -3.11793e-08
-2.74406e-10 -3.12467e-08
-2.68862e-10 -3.13141e-08
-2.78522e-10 -3.13813e-08
-2.87854e-10 -3.14486e-08
-2.98676e-10 -3.15159e-08
-3.07947e-10 -3.15831e-08
-3.02955e-10 -3.16505e-08
-2.99571e-10 -3.17179e-08
-2.87299e-10 -3.17853e-08
-2.81493e-10 -3.18527e-08
-2.8395e-10 -3.19201e-08
-2.88304e-10 -3.19874e-08
-3.04512e-10 -3.20546e-08
-3.11781e-10 -3.21218e-08
-3.17966e-10 -3.21891e-08
-3.15915e-10 -3.22565e-08
-3.04201e-10 -3.23239e-08
-2.99026e-10 -3.23913e-08
-2.90206e-10 -3.24588e-08
-2.95533e-10 -3.25261e-08
-3.05011e-10 -3.25933e-08
-3.15182e-10 -3.26606e-08
-3.28724e-10 -3.27278e-08
-3.27134e-10 -3.27951e-08
-3.25421e-10 -3.28625e-08
-3.14666e-10 -3.293e-08
-3.04634e-10 -3.29974e-08
-3.04991e-10 -3.30647e-08
-3.05623e-10 -3.31321e-08
-3.20673e-10 -3.31993e-08
-3.3088e-10 -3.32665e-08
-3.38802e-10 -3.33338e-08
-3.42008e-10 -3.34011e-08
-3.31079e-10 -3.34686e-08
-3.25319e-10 -3.3536e-08
-3.14424e-10 -3.36034e-08
-3.14454e-10 -3.36708e-08
-3.23156e-10 -3.3738e-08
-3.31737e-10 -3.38053e-08
-3.48192e-10 -3.38725e-08
-3.50853e-10 -3.39398e-08
-3.5106e-10 -3.40071e-08
-3.43404e-10 -3.40746e-08
-3.30233e-10 -3.4142e-08
-3.28226e-10 -3.42094e-08
-3.25218e-10 -3.42768e-08
-3.37189e-10 -3.4344e-08
-3.4965e-10 -3.44112e-08
-3.58688e-10 -3.44785e-08
-3.67118e-10 -3.45457e-08
-3.58728e-10 -3.46132e-08
-3.52856e-10 -3.46806e-08
-3.41369e-10 -3.4748e-08
-3.35802e-10 -3.48154e-08
-3.42721e-10 -3.48827e-08
-3.48983e-10 -3.495e-08
-3.66534e-10 -3.50172e-08
-3.73822e-10 -3.50844e-08
-3.76091e-10 -3.51517e-08
-3.72735e-10 -3.52191e-08
-3.58087e-10 -3.52866e-08
-3.53639e-10 -3.5354e-08
-3.47524e-10 -3.54214e-08
-3.54787e-10 -3.54887e-08
-3.68406e-10 -3.55559e-08
-3.77884e-10 -3.56231e-08
-3.90816e-10 -3.56904e-08
-3.86563e-10 -3.57577e-08
-3.81151e-10 -3.58251e-08
-3.70627e-10 -3.58926e-08
-3.59934e-10 -3.59601e-08
-3.64098e-10 -3.60274e-08
-3.676e-10 -3.60947e-08
-3.84196e-10 -3.61618e-08
-3.95895e-10 -3.62291e-08
-4.00265e-10 -3.62964e-08
-4.01862e-10 -3.63637e-08
-3.8778e-10 -3.64312e-08
-3.81074e-10 -3.64986e-08
-3.72748e-10 -3.6566e-08
-3.74215e-10 -3.66334e-08
-3.87581e-10 -3.67006e-08
-3.96823e-10 -3.67678e-08
-4.1293e-10 -3.6835e-08
-4.14002e-10 -3.69023e-08
-4.09711e-10 -3.69697e-08
-4.01562e-10 -3.70371e-08
-3.86985e-10 -3.71046e-08
-3.876e-10 -3.7172e-08
-3.88211e-10 -3.72393e-08
-4.0184e-10 -3.73065e-08
-4.17106e-10 -3.73737e-08
-4.23499e-10 -3.7441e-08
-4.30074e-10 -3.75083e-08
-4.18707e-10 -3.75757e-08
-4.10247e-10 -3.76432e-08
-4.00831e-10 -3.77106e-08
-3.96152e-10 -3.7778e-08
-4.07682e-10 -3.78452e-08
-4.16064e-10 -3.79125e-08
-4.33581e-10 -3.79796e-08
-4.40543e-10 -3.80469e-08
-4.3808e-10 -3.81143e-08
-4.33397e-10 -3.81817e-08
-4.16822e-10 -3.82492e-08
-4.13422e-10 -3.83166e-08
-4.11314e-10 -3.8384e-08
-4.20279e-10 -3.84512e-08
-4.37683e-10 -3.85184e-08
-4.45892e-10 -3.85856e-08
-4.56847e-10 -3.86528e-08
-4.50141e-10 -3.87202e-08
-4.40765e-10 -3.87877e-08
-4.3145e-10 -3.88551e-08
-4.21108e-10 -3.89226e-08
-4.29247e-10 -3.89899e-08
-4.36229e-10 -3.90571e-08
-4.53184e-10 -3.91243e-08
-4.65839e-10 -3.91915e-08
-4.65884e-10 -3.92588e-08
-4.65309e-10 -3.93262e-08
-4.49034e-10 -3.93937e-08
-4.41619e-10 -3.94611e-08
-4.37207e-10 -3.95285e-08
-4.40376e-10 -3.95958e-08
-4.58045e-10 -3.9663e-08
-4.6771e-10 -3.97302e-08
-4.81917e-10 -3.97974e-08
-4.81313e-10 -3.98648e-08
-4.72159e-10 -3.99322e-08
-4.64052e-10 -3.99997e-08
-4.49342e-10 -4.00672e-08
-4.5279e-10 -4.01345e-08
-4.57936e-10 -4.02018e-08
-4.72404e-10 -4.02689e-08
-4.89762e-10 -4.03361e-08
-4.92867e-10 -4.04034e-08
-4.96542e-10 -4.04707e-08
-4.82962e-10 -4.05382e-08
-4.72089e-10 -4.06057e-08
-4.65955e-10 -4.06731e-08
-4.6294e-10 -4.07405e-08
-4.78767e-10 -4.08076e-08
-4.89368e-10 -4.08748e-08
-5.0532e-10 -4.0942e-08
-5.11518e-10 -4.10093e-08
-5.0392e-10 -4.10767e-08
-4.97925e-10 -4.11441e-08
-4.80808e-10 -4.12117e-08
-4.78739e-10 -4.1279e-08
-4.81727e-10 -4.13464e-08
-4.92084e-10 -4.14136e-08
-5.12436e-10 -4.14807e-08
-5.18918e-10 -4.15479e-08
-5.265e-10 -4.16152e-08
-5.17765e-10 -4.16826e-08
-5.04565e-10 -4.17502e-08
-4.97379e-10 -4.18176e-08
-4.8861e-10 -4.1885e-08
-5.00527e-10 -4.19522e-08
-5.11383e-10 -4.20195e-08
-5.27395e-10 -4.20866e-08
-5.40212e-10 -4.21538e-08
-5.35541e-10 -4.22212e-08
-5.32288e-10 -4.22886e-08
-5.15128e-10 -4.23561e-08
-5.07387e-10 -4.24236e-08
-5.08004e-10 -4.24909e-08
-5.13147e-10 -4.25582e-08
-5.3425e-10 -4.26253e-08
-5.44083e-10 -4.26925e-08
-5.54825e-10 -4.27597e-08
-5.52519e-10 -4.28271e-08
-5.38623e-10 -4.28946e-08
-5.31076e-10 -4.2962e-08
-5.17768e-10 -4.30296e-08
-5.24042e-10 -4.30968e-08
-5.34331e-10 -4.3164e-08
-5.48748e-10 -4.32312e-08
-5.671e-10 -4.32983e-08
-5.66564e-10 -4.33657e-08
-5.66385e-10 -4.3433e-08
-5.51628e-10 -4.35006e-08
-5.38838e-10 -4.35681e-08
-5.36987e-10 -4.36354e-08
-5.36482e-10 -4.37028e-08
-5.55828e-10 -4.37699e-08
-5.6858e-10 -4.38371e-08
-5.8144e-10 -4.39042e-08
-5.86345e-10 -4.39715e-08
-5.7371e-10 -4.4039e-08
-5.66472e-10 -4.41065e-08
-5.50461e-10 -4.4174e-08
-5.49976e-10 -4.42414e-08
-5.58781e-10 -4.43086e-08
-5.70187e-10 -4.43758e-08
-5.92195e-10 -4.44429e-08
-5.96632e-10 -4.45102e-08
-5.99575e-10 -4.45775e-08
-5.894e-10 -4.46449e-08
-5.72973e-10 -4.47125e-08
-5.68689e-10 -4.47799e-08
-5.62827e-10 -4.48473e-08
-5.77969e-10 -4.49145e-08
-5.92778e-10 -4.49816e-08
-6.06562e-10 -4.50488e-08
-6.18522e-10 -4.5116e-08
-6.09187e-10 -4.51834e-08
-6.02888e-10 -4.52509e-08
-5.86384e-10 -4.53184e-08
-5.78863e-10 -4.53859e-08
-5.85246e-10 -4.54531e-08
-5.92625e-10 -4.55204e-08
-6.15833e-10 -4.55874e-08
-6.25538e-10 -4.56546e-08
-6.31411e-10 -4.57219e-08
-6.27424e-10 -4.57893e-08
-6.09436e-10 -4.58569e-08
-6.02922e-10 -4.59243e-08
-5.9267e-10 -4.59918e-08
-6.01568e-10 -4.6059e-08
-6.17175e-10 -4.61262e-08
-6.30672e-10 -4.61933e-08
-6.48601e-10 -4.62604e-08
-6.44385e-10 -4.63278e-08
-6.39622e-10 -4.63953e-08
-6.24897e-10 -4.64628e-08
-6.11024e-10 -4.65303e-08
-6.14125e-10 -4.65976e-08
-6.16973e-10 -4.66649e-08
-6.38655e-10 -4.6732e-08
-6.5326e-10 -4.67991e-08
-6.61677e-10 -4.68664e-08
-6.64689e-10 -4.69337e-08
-6.47648e-10 -4.70013e-08
-6.39314e-10 -4.70687e-08
-6.26172e-10 -4.71362e-08
-6.27506e-10 -4.72036e-08
-6.42356e-10 -4.72707e-08
-6.54465e-10 -4.73379e-08
-6.76471e-10 -4.74049e-08
-6.78688e-10 -4.74722e-08
-6.76021e-10 -4.75396e-08
-6.65096e-10 -4.76071e-08
-6.46501e-10 -4.76747e-08
-6.45667e-10 -4.77421e-08
-6.44026e-10 -4.78094e-08
-6.61543e-10 -4.78766e-08
-6.79983e-10 -4.79436e-08
-6.90414e-10 -4.80108e-08
-7.0034e-10 -4.8078e-08
-6.86847e-10 -4.81456e-08
-6.77354e-10 -4.82131e-08
-6.63134e-10 -4.82806e-08
-6.56542e-10 -4.8348e-08
-6.68938e-10 -4.84152e-08
-6.78769e-10 -4.84824e-08
-7.02394e-10 -4.85494e-08
-7.11612e-10 -4.86166e-08
-7.11548e-10 -4.8684e-08
-7.05928e-10 -4.87514e-08
-6.85026e-10 -4.88191e-08
-6.79945e-10 -4.88865e-08
-6.74362e-10 -4.89539e-08
-6.85526e-10 -4.90211e-08
-7.06104e-10 -4.90881e-08
-7.17914e-10 -4.91553e-08
-7.33789e-10 -4.92224e-08
-7.26168e-10 -4.92899e-08
-7.16442e-10 -4.93574e-08
-7.03014e-10 -4.94249e-08
-6.89206e-10 -4.94925e-08
-6.97516e-10 -4.95597e-08
-7.04452e-10 -4.96269e-08
-7.26986e-10 -4.96939e-08
-7.42876e-10 -4.97611e-08
-7.45827e-10 -4.98284e-08
-7.46324e-10 -4.98957e-08
-7.26016e-10 -4.99633e-08
-7.16848e-10 -5.00308e-08
-7.08267e-10 -5.00983e-08
-7.11658e-10 -5.01656e-08
-7.32199e-10 -5.02326e-08
-7.44681e-10 -5.02998e-08
-7.64802e-10 -5.03668e-08
-7.64745e-10 -5.04342e-08
-7.5594e-10 -5.05017e-08
-7.44989e-10 -5.05692e-08
-7.25705e-10 -5.06368e-08
-7.28597e-10 -5.07041e-08
-7.3232e-10 -5.07714e-08
-7.51155e-10 -5.08385e-08
-7.72461e-10 -5.09055e-08
-7.78684e-10 -5.09727e-08
-7.85342e-10 -5.104e-08
-7.6862e-10 -5.11076e-08
-7.56083e-10 -5.11751e-08
-7.45692e-10 -5.12426e-08
-7.40885e-10 -5.131e-08
-7.58985e-10 -5.13771e-08
-7.71384e-10 -5.14443e-08
-7.93536e-10 -5.15113e-08
-8.01818e-10 -5.15785e-08
-7.95231e-10 -5.1646e-08
-7.88058e-10 -5.17134e-08
-7.65874e-10 -5.17811e-08
-7.62552e-10 -5.18485e-08
-7.63024e-10 -5.19158e-08
-7.75998e-10 -5.1983e-08
-8.00636e-10 -5.20499e-08
-8.10154e-10 -5.21171e-08
-8.22284e-10 -5.21843e-08
-8.11811e-10 -5.22518e-08
-7.97193e-10 -5.23194e-08
-7.86259e-10 -5.23869e-08
-7.7392e-10 -5.24544e-08
-7.87244e-10 -5.25216e-08
-7.98782e-10 -5.25887e-08
-8.2053e-10 -5.26557e-08
-8.36848e-10 -5.27228e-08
-8.33766e-10 -5.27902e-08
-8.31171e-10 -5.28576e-08
-8.09162e-10 -5.29253e-08
-7.99564e-10 -5.29928e-08
-7.96984e-10 -5.30602e-08
-8.02675e-10 -5.31274e-08
-8.27953e-10 -5.31944e-08
-8.40485e-10 -5.32615e-08
-8.56793e-10 -5.33286e-08
-8.54501e-10 -5.3396e-08
-8.39587e-10 -5.34636e-08
-8.29307e-10 -5.35311e-08
-8.11132e-10 -5.35987e-08
-8.17749e-10 -5.3666e-08
-8.27647e-10 -5.37332e-08
-8.46645e-10 -5.38002e-08
-8.69605e-10 -5.38672e-08
-8.7112e-10 -5.39345e-08
-8.73357e-10 -5.40018e-08
-8.54677e-10 -5.40695e-08
-8.39595e-10 -5.41371e-08
-8.34341e-10 -5.42045e-08
-8.32266e-10 -5.42719e-08
-8.55199e-10 -5.43388e-08
-8.70118e-10 -5.4406e-08
-8.8889e-10 -5.4473e-08
-8.95691e-10 -5.45402e-08
-8.82581e-10 -5.46078e-08
-8.73976e-10 -5.46753e-08
-8.52475e-10 -5.4743e-08
-8.51175e-10 -5.48103e-08
-8.58683e-10 -5.48776e-08
-8.72967e-10 -5.49447e-08
-9.00216e-10 -5.50116e-08
-9.07029e-10 -5.50788e-08
-9.13846e-10 -5.5146e-08
-9.01281e-10 -5.52136e-08
-8.82365e-10 -5.52812e-08
-8.74942e-10 -5.53487e-08
-8.65626e-10 -5.54162e-08
-8.83327e-10 -5.54833e-08
-8.99647e-10 -5.55504e-08
-9.18976e-10 -5.56174e-08
-9.34604e-10 -5.56845e-08
-9.25451e-10 -5.5752e-08
-9.19315e-10 -5.58194e-08
-8.97471e-10 -5.58871e-08
-8.88014e-10 -5.59546e-08
-8.92449e-10 -5.60219e-08
-9.00681e-10 -5.60891e-08
-9.29178e-10 -5.6156e-08
-9.4143e-10 -5.62231e-08
-9.52156e-10 -5.62903e-08
-9.47731e-10 -5.63577e-08
-9.27356e-10 -5.64254e-08
-9.18368e-10 -5.64929e-08
-9.03272e-10 -5.65605e-08
-9.13352e-10 -5.66277e-08
-9.29765e-10 -5.66947e-08
-9.47787e-10 -5.67618e-08
-9.70802e-10 -5.68287e-08
-9.67504e-10 -5.68961e-08
-9.6439e-10 -5.69635e-08
-9.45247e-10 -5.70312e-08
-9.28499e-10 -5.70988e-08
-9.29305e-10 -5.71662e-08
-9.30925e-10 -5.72335e-08
-9.57319e-10 -5.73004e-08
-9.74482e-10 -5.73674e-08
-9.88144e-10 -5.74346e-08
-9.92839e-10 -5.75018e-08
-9.73837e-10 -5.75695e-08
-9.63985e-10 -5.7637e-08
-9.45295e-10 -5.77047e-08
-9.46236e-10 -5.7772e-08
-9.61204e-10 -5.78391e-08
-9.76305e-10 -5.79062e-08
-1.00426e-09 -5.7973e-08
-1.00815e-09 -5.80403e-08
-1.0084e-09 -5.81077e-08
-9.94634e-10 -5.81753e-08
-9.72549e-10 -5.8243e-08
-9.69381e-10 -5.83104e-08
-9.64653e-10 -5.83778e-08
-9.85716e-10 -5.84448e-08
-1.00656e-09 -5.85118e-08
-1.02201e-09 -5.85789e-08
-1.03563e-09 -5.8646e-08
-1.02092e-09 -5.87136e-08
-1.01102e-09 -5.87811e-08
-9.91336e-10 -5.88488e-08
-9.82766e-10 -5.89162e-08
-9.94664e-10 -5.89834e-08
-1.00565e-09 -5.90506e-08
-1.0354e-09 -5.91174e-08
-1.047e-09 -5.91845e-08
-1.05073e-09 -5.92518e-08
-1.04431e-09 -5.93193e-08
-1.01974e-09 -5.9387e-08
-1.01256e-09 -5.94545e-08
-1.00251e-09 -5.9522e-08
-1.01558e-09 -5.95891e-08
-1.03826e-09 -5.96561e-08
-1.05429e-09 -5.97232e-08
-1.07549e-09 -5.97901e-08
-1.06766e-09 -5.98576e-08
-1.05864e-09 -5.99251e-08
-1.04061e-09 -5.99928e-08
-1.02344e-09 -6.00604e-08
-1.03074e-09 -6.01276e-08
-1.03694e-09 -6.01949e-08
-1.06503e-09 -6.02617e-08
-1.08387e-09 -6.03288e-08
-1.09106e-09 -6.0396e-08
-1.09298e-09 -6.04633e-08
-1.06933e-09 -6.0531e-08
-1.05852e-09 -6.05986e-08
-1.04473e-09 -6.06662e-08
-1.04811e-09 -6.07335e-08
-1.0703e-09 -6.08004e-08
-1.08576e-09 -6.08675e-08
-1.11222e-09 -6.09344e-08
-1.11315e-09 -6.10017e-08
-1.10604e-09 -6.10692e-08
-1.09202e-09 -6.11368e-08
-1.06839e-09 -6.12045e-08
-1.06989e-09 -6.12718e-08
-1.07116e-09 -6.13392e-08
-1.09429e-09 -6.14061e-08
-1.11892e-09 -6.1473e-08
-1.12934e-09 -6.15402e-08
-1.13954e-09 -6.16073e-08
-1.12031e-09 -6.1675e-08
-1.10672e-09 -6.17426e-08
-1.09113e-09 -6.18102e-08
-1.08436e-09 -6.18777e-08
-1.10351e-09 -6.19447e-08
-1.11738e-09 -6.20118e-08
-1.14614e-09 -6.20786e-08
-1.15663e-09 -6.21458e-08
-1.15251e-09 -6.22132e-08
-1.14426e-09 -6.22807e-08
-1.11732e-09 -6.23485e-08
-1.11235e-09 -6.2416e-08
-1.10907e-09 -6.24834e-08
-1.12452e-09 -6.25504e-08
-1.15258e-09 -6.26173e-08
-1.16581e-09 -6.26844e-08
-1.18319e-09 -6.27514e-08
-1.17149e-09 -6.28189e-08
-1.15648e-09 -6.28866e-08
-1.1411e-09 -6.29542e-08
-1.12506e-09 -6.30218e-08
-1.13875e-09 -6.30889e-08
-1.15017e-09 -6.31561e-08
-1.17799e-09 -6.32229e-08
-1.19764e-09 -6.32899e-08
-1.19751e-09 -6.33572e-08
-1.19601e-09 -6.34246e-08
-1.16948e-09 -6.34924e-08
-1.15812e-09 -6.356e-08
-1.15107e-09 -6.36275e-08
-1.15709e-09 -6.36947e-08
-1.18555e-09 -6.37615e-08
-1.20096e-09 -6.38286e-08
-1.22362e-09 -6.38955e-08
-1.22168e-09 -6.39629e-08
-1.20705e-09 -6.40305e-08
-1.19369e-09 -6.40981e-08
-1.17054e-09 -6.41659e-08
-1.17677e-09 -6.42331e-08
-1.18511e-09 -6.43003e-08
-1.20888e-09 -6.43672e-08
-1.23603e-09 -6.4434e-08
-1.24069e-09 -6.45013e-08
-1.24609e-09 -6.45685e-08
-1.22381e-09 -6.46363e-08
-1.20698e-09 -6.4704e-08
-1.19718e-09 -6.47715e-08
-1.19323e-09 -6.48389e-08
-1.21878e-09 -6.49058e-08
-1.23551e-09 -6.49728e-08
-1.26096e-09 -6.50397e-08
-1.26981e-09 -6.51068e-08
-1.25762e-09 -6.51744e-08
-1.24773e-09 -6.5242e-08
-1.22066e-09 -6.53098e-08
-1.21819e-09 -6.53772e-08
-1.22302e-09 -6.54445e-08
-1.24018e-09 -6.55115e-08
-1.27208e-09 -6.55782e-08
-1.28194e-09 -6.56454e-08
-1.29361e-09 -6.57125e-08
-1.27894e-09 -6.57801e-08
-1.25846e-09 -6.58479e-08
-1.24705e-09 -6.59154e-08
-1.23389e-09 -6.5983e-08
-1.25332e-09 -6.605e-08
-1.27031e-09 -6.6117e-08
-1.29582e-09 -6.61839e-08
-1.3151e-09 -6.62508e-08
-1.30742e-09 -6.63183e-08
-1.30197e-09 -6.63858e-08
-1.27474e-09 -6.64537e-08
-1.26341e-09 -6.65212e-08
-1.26447e-09 -6.65885e-08
-1.27334e-09 -6.66557e-08
-1.30645e-09 -6.67224e-08
-1.32142e-09 -6.67895e-08
-1.33809e-09 -6.68565e-08
-1.33347e-09 -6.69239e-08
-1.31186e-09 -6.69917e-08
-1.29998e-09 -6.70593e-08
-1.27959e-09 -6.7127e-08
-1.29026e-09 -6.71942e-08
-1.30625e-09 -6.72612e-08
-1.32922e-09 -6.73281e-08
