0 0
-2.32454e-14 -6.73455e-11
-7.70212e-14 -1.34691e-10
-7.68835e-14 -2.02037e-10
-6.59358e-14 -2.69382e-10
6.04761e-14 -3.36728e-10
1.34645e-13 -4.04073e-10
1.31369e-13 -4.71419e-10
6.672e-14 -5.38764e-10
-2.20866e-13 -6.0611e-10
-3.65307e-13 -6.73455e-10
-5.31298e-13 -7.40801e-10
-4.689e-13 -8.08146e-10
-1.84642e-13 -8.75492e-10
-2.78956e-14 -9.42838e-10
2.49895e-13 -1.01018e-09
5.95356e-14 -1.07753e-09
-2.3211e-13 -1.14487e-09
-6.31593e-13 -1.21222e-09
-1.12844e-12 -1.27956e-09
-1.05974e-12 -1.34691e-09
-1.00602e-12 -1.41426e-09
-4.90299e-13 -1.4816e-09
-7.64552e-14 -1.54895e-09
-6.91398e-14 -1.61629e-09
-1.24145e-13 -1.68364e-09
-9.28034e-13 -1.75098e-09
-1.43157e-12 -1.81833e-09
-1.91283e-12 -1.88567e-09
-2.02899e-12 -1.95302e-09
-1.3906e-12 -2.02037e-09
-1.0422e-12 -2.08771e-09
-3.29145e-13 -2.15506e-09
-4.18681e-13 -2.2224e-09
-9.61125e-13 -2.28975e-09
-1.60649e-12 -2.35709e-09
-2.74753e-12 -2.42444e-09
-2.87864e-12 -2.49178e-09
-2.92458e-12 -2.55913e-09
-2.24353e-12 -2.62647e-09
-1.28721e-12 -2.69382e-09
-1.12607e-12 -2.76117e-09
-9.08235e-13 -2.82851e-09
-1.99802e-12 -2.89586e-09
-2.98083e-12 -2.9632e-09
-3.82343e-12 -3.03055e-09
-4.47143e-12 -3.09789e-09
-3.66992e-12 -3.16524e-09
-3.15662e-12 -3.23258e-09
-2.0067e-12 -3.29993e-09
-1.62165e-12 -3.36728e-09
-2.27434e-12 -3.43462e-09
-2.96358e-12 -3.50197e-09
-4.76136e-12 -3.56931e-09
-5.38362e-12 -3.63665e-09
-5.66477e-12 -3.704e-09
-5.15514e-12 -3.77135e-09
-3.62102e-12 -3.83869e-09
-3.1721e-12 -3.90604e-09
-2.49374e-12 -3.97339e-09
-3.4925e-12 -4.04073e-09
-4.96791e-12 -4.10807e-09
-6.13741e-12 -4.17542e-09
-7.57252e-12 -4.24276e-09
-6.93621e-12 -4.31011e-09
-6.33235e-12 -4.37745e-09
-4.90615e-12 -4.4448e-09
-3.74806e-12 -4.51215e-09
-4.29844e-12 -4.57949e-09
-4.80563e-12 -4.64684e-09
-7.06673e-12 -4.71418e-09
-8.42371e-12 -4.78152e-09
-9.05363e-12 -4.84887e-09
-9.08358e-12 -4.91621e-09
-7.13863e-12 -4.98356e-09
-6.30236e-12 -5.05091e-09
-5.09512e-12 -5.11826e-09
-5.55918e-12 -5.1856e-09
-7.40663e-12 -5.25294e-09
-8.80024e-12 -5.32029e-09
-1.11099e-11 -5.38763e-09
-1.1043e-11 -5.45498e-09
-1.04709e-11 -5.52232e-09
-9.05598e-12 -5.58967e-09
-6.99037e-12 -5.65702e-09
-7.18085e-12 -5.72436e-09
-7.30437e-12 -5.79171e-09
-9.65543e-12 -5.85905e-09
-1.18728e-11 -5.92639e-09
-1.29317e-11 -5.99374e-09
-1.38141e-11 -6.06108e-09
-1.18191e-11 -6.12843e-09
-1.05599e-11 -6.19578e-09
-8.89108e-12 -6.26313e-09
-8.411e-12 -6.33047e-09
-1.0372e-11 -6.39781e-09
-1.18389e-11 -6.46516e-09
-1.49068e-11 -6.5325e-09
-1.58034e-11 -6.59984e-09
-1.543e-11 -6.66719e-09
-1.43797e-11 -6.73453e-09
-1.14968e-11 -6.80189e-09
-1.10685e-11 -6.86923e-09
-1.06704e-11 -6.93658e-09
-1.26236e-11 -7.00392e-09
-1.5654e-11 -7.07126e-09
-1.71798e-11 -7.1386e-09
-1.90972e-11 -7.20594e-09
-1.75531e-11 -7.27329e-09
-1.59284e-11 -7.34064e-09
-1.39883e-11 -7.40799e-09
-1.2292e-11 -7.47534e-09
-1.39937e-11 -7.54268e-09
-1.53589e-11 -7.61002e-09
-1.88699e-11 -7.67736e-09
-2.10191e-11 -7.7447e-09
-2.1045e-11 -7.81205e-09
-2.07051e-11 -7.87939e-09
-1.73368e-11 -7.94675e-09
-1.60865e-11 -8.0141e-09
-1.51157e-11 -8.08144e-09
-1.61634e-11 -8.14879e-09
-1.97593e-11 -8.21612e-09
-2.17385e-11 -8.28346e-09
-2.46948e-11 -8.3508e-09
-2.41517e-11 -8.41815e-09
-2.2332e-11 -8.4855e-09
-2.03974e-11 -8.55285e-09
-1.74342e-11 -8.6202e-09
-1.84422e-11 -8.68755e-09
-1.95295e-11 -8.75489e-09
-2.30133e-11 -8.82223e-09
-2.65148e-11 -8.88956e-09
-2.7152e-11 -8.95691e-09
-2.77917e-11 -9.02425e-09
-2.44774e-11 -9.0916e-09
-2.23181e-11 -9.15896e-09
-2.08159e-11 -9.2263e-09
-2.05372e-11 -9.29365e-09
-2.42593e-11 -9.36099e-09
-2.66203e-11 -9.42833e-09
-3.04247e-11 -9.49566e-09
-3.13707e-11 -9.563e-09
-2.96424e-11 -9.63035e-09
-2.80261e-11 -9.6977e-09
-2.40125e-11 -9.76506e-09
-2.39072e-11 -9.83241e-09
-2.45573e-11 -9.89975e-09
-2.74662e-11 -9.96709e-09
-3.21729e-11 -1.00344e-08
-3.36112e-11 -1.01018e-08
-3.53704e-11 -1.01691e-08
-3.27747e-11 -1.02365e-08
-2.9789e-11 -1.03038e-08
-2.78775e-11 -1.03712e-08
-2.6037e-11 -1.04385e-08
-2.93029e-11 -1.05058e-08
-3.191e-11 -1.05732e-08
-3.61981e-11 -1.06405e-08
-3.8948e-11 -1.07079e-08
-3.7691e-11 -1.07752e-08
-3.669e-11 -1.08426e-08
-3.21042e-11 -1.09099e-08
-3.05716e-11 -1.09773e-08
-3.06552e-11 -1.10446e-08
-3.24609e-11 -1.11119e-08
-3.79618e-11 -1.11793e-08
-4.03279e-11 -1.12466e-08
-4.3189e-11 -1.13139e-08
-4.19862e-11 -1.13813e-08
-3.84562e-11 -1.14487e-08
-3.63167e-11 -1.1516e-08
-3.29356e-11 -1.15834e-08
-3.51042e-11 -1.16507e-08
-3.77572e-11 -1.1718e-08
-4.20417e-11 -1.17854e-08
-4.66478e-11 -1.18527e-08
-4.62879e-11 -1.192e-08
-4.61397e-11 -1.19874e-08
-4.16625e-11 -1.20548e-08
-3.85837e-11 -1.21221e-08
-3.8009e-11 -1.21895e-08
-3.83024e-11 -1.22568e-08
-4.39531e-11 -1.23241e-08
-4.72688e-11 -1.23915e-08
-5.10553e-11 -1.24588e-08
-5.18012e-11 -1.25261e-08
-4.82041e-11 -1.25935e-08
-4.60529e-11 -1.26608e-08
-4.14355e-11 -1.27282e-08
-4.19187e-11 -1.27956e-08
-4.43574e-11 -1.28629e-08
-4.8103e-11 -1.29302e-08
-5.43048e-11 -1.29975e-08
-5.52443e-11 -1.30649e-08
-5.60979e-11 -1.31322e-08
-5.25089e-11 -1.31996e-08
-4.80286e-11 -1.3267e-08
-4.67482e-11 -1.33343e-08
-4.53243e-11 -1.34017e-08
-5.03249e-11 -1.3469e-08
-5.4472e-11 -1.35363e-08
-5.88723e-11 -1.36036e-08
-6.18869e-11 -1.3671e-08
-5.88496e-11 -1.37383e-08
-5.69177e-11 -1.38057e-08
-5.16255e-11 -1.3873e-08
-5.00095e-11 -1.39404e-08
-5.19282e-11 -1.40077e-08
-5.46362e-11 -1.40751e-08
-6.1862e-11 -1.41424e-08
-6.43982e-11 -1.42097e-08
-6.63014e-11 -1.42771e-08
-6.43492e-11 -1.43444e-08
-5.89053e-11 -1.44118e-08
-5.69254e-11 -1.44791e-08
-5.38358e-11 -1.45465e-08
-5.7348e-11 -1.46138e-08
-6.20484e-11 -1.46812e-08
-6.66586e-11 -1.47485e-08
-7.19428e-11 -1.48158e-08
-7.01569e-11 -1.48832e-08
-6.86765e-11 -1.49505e-08
-6.34526e-11 -1.50179e-08
-5.96077e-11 -1.50852e-08
-6.06815e-11 -1.51526e-08
-6.1971e-11 -1.52199e-08
-6.93926e-11 -1.52872e-08
-7.36404e-11 -1.53546e-08
-7.65402e-11 -1.54219e-08
-7.68101e-11 -1.54892e-08
-7.11118e-11 -1.55566e-08
-6.85062e-11 -1.5624e-08
-6.40682e-11 -1.56913e-08
-6.53565e-11 -1.57587e-08
-7.01749e-11 -1.5826e-08
-7.45534e-11 -1.58933e-08
-8.17535e-11 -1.59606e-08
-8.18631e-11 -1.6028e-08
-8.10592e-11 -1.60953e-08
-7.6716e-11 -1.61627e-08
-7.08714e-11 -1.62301e-08
-7.0796e-11 -1.62974e-08
-7.04669e-11 -1.63648e-08
-7.71053e-11 -1.64321e-08
-8.29361e-11 -1.64994e-08
-8.66901e-11 -1.65667e-08
-8.94938e-11 -1.6634e-08
-8.44424e-11 -1.67014e-08
-8.13716e-11 -1.67688e-08
-7.61299e-11 -1.68361e-08
-7.47049e-11 -1.69035e-08
-7.90777e-11 -1.69708e-08
-8.28033e-11 -1.70381e-08
-9.12328e-11 -1.71055e-08
-9.37121e-11 -1.71728e-08
-9.37953e-11 -1.72401e-08
-9.10859e-11 -1.73075e-08
-8.38494e-11 -1.73749e-08
-8.23939e-11 -1.74422e-08
-8.04607e-11 -1.75096e-08
-8.53285e-11 -1.75769e-08
-9.23405e-11 -1.76442e-08
-9.67329e-11 -1.77115e-08
-1.02039e-10 -1.77788e-08
-9.86024e-11 -1.78462e-08
-9.53296e-11 -1.79136e-08
-8.99787e-11 -1.7981e-08
-8.57168e-11 -1.80483e-08
-8.90099e-11 -1.81156e-08
-9.17341e-11 -1.8183e-08
-1.0045e-10 -1.82503e-08
-1.05493e-10 -1.83176e-08
-1.06647e-10 -1.83849e-08
-1.06145e-10 -1.84523e-08
-9.8455e-11 -1.85197e-08
-9.55235e-11 -1.8587e-08
-9.22137e-11 -1.86544e-08
-9.44744e-11 -1.87217e-08
-1.02003e-10 -1.8789e-08
-1.06764e-10 -1.88564e-08
-1.14181e-10 -1.89237e-08
-1.13238e-10 -1.8991e-08
-1.10135e-10 -1.90584e-08
-1.05416e-10 -1.91257e-08
-9.86298e-11 -1.91931e-08
-1.00224e-10 -1.92605e-08
-1.01709e-10 -1.93278e-08
-1.09635e-10 -1.93951e-08
-1.17077e-10 -1.94624e-08
-1.19441e-10 -1.95297e-08
-1.21449e-10 -1.95971e-08
-1.1446e-10 -1.96645e-08
-1.1015e-10 -1.97318e-08
-1.05867e-10 -1.97992e-08
-1.04987e-10 -1.98665e-08
-1.12162e-10 -1.99339e-08
-1.16984e-10 -2.00012e-08
-1.25799e-10 -2.00685e-08
-1.27982e-10 -2.01358e-08
-1.25514e-10 -2.02032e-08
-1.22106e-10 -2.02705e-08
-1.13548e-10 -2.03379e-08
-1.12943e-10 -2.04053e-08
-1.13081e-10 -2.04726e-08
-1.1916e-10 -2.05399e-08
-1.2845e-10 -2.06072e-08
-1.32089e-10 -2.06745e-08
-1.36586e-10 -2.07418e-08
-1.31506e-10 -2.08092e-08
-1.26151e-10 -2.08766e-08
-1.21413e-10 -2.0944e-08
-1.1728e-10 -2.10113e-08
-1.23123e-10 -2.10787e-08
-1.2768e-10 -2.1146e-08
-1.36945e-10 -2.12133e-08
-1.42505e-10 -2.12806e-08
-1.41193e-10 -2.13479e-08
-1.39621e-10 -2.14153e-08
-1.30406e-10 -2.14827e-08
-1.2733e-10 -2.15501e-08
-1.26142e-10 -2.16174e-08
-1.29501e-10 -2.16847e-08
-1.39726e-10 -2.1752e-08
-1.446e-10 -2.18193e-08
-1.51246e-10 -2.18866e-08
-1.49145e-10 -2.1954e-08
-1.43324e-10 -2.20214e-08
-1.38692e-10 -2.20887e-08
-1.31671e-10 -2.21561e-08
-1.35231e-10 -2.22235e-08
-1.39194e-10 -2.22908e-08
-1.4785e-10 -2.23581e-08
-1.56573e-10 -2.24254e-08
-1.56923e-10 -2.24927e-08
-1.57493e-10 -2.256e-08
-1.48958e-10 -2.26274e-08
-1.43464e-10 -2.26948e-08
-1.41081e-10 -2.27622e-08
-1.41174e-10 -2.28295e-08
-1.51154e-10 -2.28968e-08
-1.57092e-10 -2.29641e-08
-1.65267e-10 -2.30314e-08
-1.66895e-10 -2.30987e-08
-1.61399e-10 -2.31661e-08
-1.57402e-10 -2.32335e-08
-1.48322e-10 -2.33009e-08
-1.4883e-10 -2.33682e-08
-1.51879e-10 -2.34356e-08
-1.58903e-10 -2.35029e-08
-1.7009e-10 -2.35701e-08
-1.72513e-10 -2.36375e-08
-1.75284e-10 -2.37048e-08
-1.68796e-10 -2.37722e-08
-1.61318e-10 -2.38396e-08
-1.57959e-10 -2.3907e-08
-1.5467e-10 -2.39743e-08
-1.63095e-10 -2.40416e-08
-1.69774e-10 -2.41089e-08
-1.78663e-10 -2.41762e-08
-1.84307e-10 -2.42435e-08
-1.80054e-10 -2.43109e-08
-1.77144e-10 -2.43782e-08
-1.67199e-10 -2.44457e-08
-1.64224e-10 -2.4513e-08
-1.6606e-10 -2.45804e-08
-1.70611e-10 -2.46477e-08
-1.83129e-10 -2.47149e-08
-1.87853e-10 -2.47822e-08
-1.92643e-10 -2.48495e-08
-1.89387e-10 -2.49169e-08
-1.80749e-10 -2.49843e-08
-1.7669e-10 -2.50517e-08
-1.70378e-10 -2.51191e-08
-1.75996e-10 -2.51864e-08
-1.82938e-10 -2.52537e-08
-1.91635e-10 -2.5321e-08
-2.01036e-10 -2.53882e-08
-1.98952e-10 -2.54556e-08
-1.97465e-10 -2.5523e-08
-1.88058e-10 -2.55904e-08
-1.81626e-10 -2.56578e-08
-1.81992e-10 -2.57251e-08
-1.83536e-10 -2.57924e-08
-1.95942e-10 -2.58597e-08
-2.02931e-10 -2.5927e-08
-2.09355e-10 -2.59943e-08
-2.10147e-10 -2.60616e-08
-2.01493e-10 -2.6129e-08
-1.97057e-10 -2.61964e-08
-1.88521e-10 -2.62638e-08
-1.90332e-10 -2.63312e-08
-1.96924e-10 -2.63985e-08
-2.0455e-10 -2.64657e-08
-2.16901e-10 -2.6533e-08
-2.17769e-10 -2.66003e-08
-2.17923e-10 -2.66677e-08
-2.10459e-10 -2.67351e-08
-2.01123e-10 -2.68025e-08
-1.99832e-10 -2.68699e-08
-1.98218e-10 -2.69372e-08
-2.08942e-10 -2.70045e-08
-2.1785e-10 -2.70717e-08
-2.25373e-10 -2.7139e-08
-2.30518e-10 -2.72063e-08
-2.23183e-10 -2.72737e-08
-2.18735e-10 -2.73411e-08
-2.09111e-10 -2.74085e-08
-2.06554e-10 -2.74759e-08
-2.12091e-10 -2.75432e-08
-2.17902e-10 -2.76105e-08
-2.31924e-10 -2.76777e-08
-2.36242e-10 -2.77451e-08
-2.38133e-10 -2.78124e-08
-2.33817e-10 -2.78798e-08
-2.22642e-10 -2.79472e-08
-2.19615e-10 -2.80146e-08
-2.15106e-10 -2.8082e-08
-2.22667e-10 -2.81492e-08
-2.32823e-10 -2.82165e-08
-2.40828e-10 -2.82838e-08
-2.50053e-10 -2.8351e-08
-2.45377e-10 -2.84184e-08
-2.41327e-10 -2.84858e-08
-2.31929e-10 -2.85532e-08
-2.25022e-10 -2.86206e-08
-2.28773e-10 -2.8688e-08
-2.32256e-10 -2.87553e-08
-2.46348e-10 -2.88225e-08
-2.54204e-10 -2.88898e-08
-2.57819e-10 -2.89571e-08
-2.57474e-10 -2.90244e-08
-2.4594e-10 -2.90919e-08
-2.41253e-10 -2.91593e-08
-2.34485e-10 -2.92267e-08
-2.37718e-10 -2.9294e-08
-2.48164e-10 -2.93612e-08
-2.56016e-10 -2.94285e-08
-2.68486e-10 -2.94958e-08
-2.67609e-10 -2.95631e-08
-2.64408e-10 -2.96305e-08
-2.56545e-10 -2.96979e-08
-2.45945e-10 -2.97653e-08
-2.47252e-10 -2.98327e-08
-2.48173e-10 -2.99e-08
-2.60619e-10 -2.99672e-08
-2.71618e-10 -3.00345e-08
-2.76843e-10 -3.01018e-08
-2.80791e-10 -3.01691e-08
-2.70604e-10 -3.02365e-08
-2.64541e-10 -3.03039e-08
-2.5643e-10 -3.03714e-08
-2.54689e-10 -3.04387e-08
-2.64261e-10 -3.0506e-08
-2.71369e-10 -3.05733e-08
-2.85778e-10 -3.06405e-08
-2.8944e-10 -3.07078e-08
-2.87573e-10 -3.07752e-08
-2.8236e-10 -3.08425e-08
-2.69333e-10 -3.091e-08
-2.67721e-10 -3.09774e-08
-2.66141e-10 -3.10447e-08
-2.75346e-10 -3.1112e-08
-2.88601e-10 -3.11792e-08
-2.95224e-10 -3.12465e-08
-3.03233e-10 -3.13138e-08
-2.96093e-10 -3.13812e-08
-2.89175e-10 -3.14486e-08
-2.80783e-10 -3.1516e-08
-2.74079e-10 -3.15834e-08
-2.81541e-10 -3.16507e-08
-2.87404e-10 -3.1718e-08
-3.02144e-10 -3.17852e-08
-3.10529e-10 -3.18525e-08
-3.10474e-10 -3.19198e-08
-3.0869e-10 -3.19872e-08
-2.94969e-10 -3.20547e-08
-2.90262e-10 -3.2122e-08
-2.86508e-10 -3.21894e-08
-2.9123e-10 -3.22567e-08
-3.05424e-10 -3.23239e-08
-3.13135e-10 -3.23912e-08
-3.24455e-10 -3.24584e-08
-3.21794e-10 -3.25258e-08
-3.14778e-10 -3.25932e-08
-3.07167e-10 -3.26606e-08
-2.9622e-10 -3.27281e-08
-3.00428e-10 -3.27954e-08
-3.04667e-10 -3.28627e-08
-3.1803e-10 -3.29299e-08
-3.30685e-10 -3.29971e-08
-3.32855e-10 -3.30645e-08
-3.3485e-10 -3.31318e-08
-3.22415e-10 -3.31993e-08
-3.14829e-10 -3.32667e-08
-3.09432e-10 -3.33341e-08
-3.0898e-10 -3.34014e-08
-3.225e-10 -3.34686e-08
-3.3089e-10 -3.35359e-08
-3.44348e-10 -3.36031e-08
-3.47096e-10 -3.36704e-08
-3.40932e-10 -3.37378e-08
-3.3503e-10 -3.38053e-08
-3.21209e-10 -3.38727e-08
-3.21298e-10 -3.39401e-08
-3.23666e-10 -3.40074e-08
-3.34078e-10 -3.40746e-08
-3.49911e-10 -3.41418e-08
-3.54582e-10 -3.42091e-08
-3.60248e-10 -3.42764e-08
-3.51046e-10 -3.43439e-08
-3.41246e-10 -3.44113e-08
-3.34854e-10 -3.44787e-08
-3.29219e-10 -3.45461e-08
-3.40347e-10 -3.46133e-08
-3.48911e-10 -3.46806e-08
-3.63069e-10 -3.47478e-08
-3.7148e-10 -3.48151e-08
-3.6721e-10 -3.48825e-08
-3.63712e-10 -3.49498e-08
-3.48877e-10 -3.50173e-08
-3.44431e-10 -3.50847e-08
-3.44808e-10 -3.51521e-08
-3.51046e-10 -3.52193e-08
-3.68423e-10 -3.52865e-08
-3.75656e-10 -3.53538e-08
-3.84465e-10 -3.5421e-08
-3.8012e-10 -3.54884e-08
-3.69207e-10 -3.55559e-08
-3.62506e-10 -3.56233e-08
-3.5239e-10 -3.56908e-08
-3.59541e-10 -3.5758e-08
-3.6769e-10 -3.58253e-08
-3.81025e-10 -3.58925e-08
-3.94593e-10 -3.59597e-08
-3.9322e-10 -3.60271e-08
-3.92533e-10 -3.60944e-08
-3.7878e-10 -3.61619e-08
-3.69973e-10 -3.62293e-08
-3.68356e-10 -3.62967e-08
-3.69721e-10 -3.6364e-08
-3.86646e-10 -3.64312e-08
-3.96223e-10 -3.64984e-08
-4.07311e-10 -3.65657e-08
-4.08872e-10 -3.6633e-08
-3.98293e-10 -3.67005e-08
-3.9194e-10 -3.67679e-08
-3.78685e-10 -3.68354e-08
-3.80648e-10 -3.69027e-08
-3.87732e-10 -3.697e-08
-3.98836e-10 -3.70372e-08
-4.16318e-10 -3.71043e-08
-4.1864e-10 -3.71717e-08
-4.20874e-10 -3.7239e-08
-4.10243e-10 -3.73064e-08
-3.97899e-10 -3.73739e-08
-3.94389e-10 -3.74413e-08
-3.90813e-10 -3.75087e-08
-4.0518e-10 -3.75759e-08
-4.16565e-10 -3.76431e-08
-4.28852e-10 -3.77103e-08
-4.36619e-10 -3.77776e-08
-4.28001e-10 -3.7845e-08
-4.22585e-10 -3.79124e-08
-4.07997e-10 -3.79799e-08
-4.04162e-10 -3.80473e-08
-4.09503e-10 -3.81146e-08
-4.17261e-10 -3.81819e-08
-4.36803e-10 -3.8249e-08
-4.4326e-10 -3.83162e-08
-4.48256e-10 -3.83835e-08
-4.42436e-10 -3.8451e-08
-4.27993e-10 -3.85185e-08
-4.22801e-10 -3.85859e-08
-4.14862e-10 -3.86533e-08
-4.24738e-10 -3.87205e-08
-4.37081e-10 -3.87877e-08
-4.49407e-10 -3.88549e-08
-4.6286e-10 -3.89221e-08
-4.57788e-10 -3.89895e-08
-4.53816e-10 -3.90569e-08
-4.39914e-10 -3.91244e-08
-4.30428e-10 -3.91919e-08
-4.33384e-10 -3.92592e-08
-4.37109e-10 -3.93265e-08
-4.56467e-10 -3.93936e-08
-4.67018e-10 -3.94609e-08
-4.74394e-10 -3.95281e-08
-4.74477e-10 -3.95955e-08
-4.59852e-10 -3.9663e-08
-4.53309e-10 -3.97304e-08
-4.42155e-10 -3.97979e-08
-4.4607e-10 -3.98652e-08
-4.58251e-10 -3.99324e-08
-4.69511e-10 -3.99996e-08
-4.87351e-10 -4.00667e-08
-4.87127e-10 -4.01341e-08
-4.85022e-10 -4.02014e-08
-4.73761e-10 -4.02689e-08
-4.59589e-10 -4.03364e-08
-4.59629e-10 -4.04038e-08
-4.5914e-10 -4.04711e-08
-4.75963e-10 -4.05383e-08
-4.90016e-10 -4.06055e-08
-4.99231e-10 -4.06727e-08
-5.05552e-10 -4.074e-08
-4.92904e-10 -4.08075e-08
-4.8549e-10 -4.08749e-08
-4.7267e-10 -4.09424e-08
-4.69871e-10 -4.10098e-08
-4.80597e-10 -4.1077e-08
-4.89857e-10 -4.11442e-08
-5.10161e-10 -4.12113e-08
-5.15575e-10 -4.12786e-08
-5.1568e-10 -4.13459e-08
-5.08672e-10 -4.14134e-08
-4.91537e-10 -4.14809e-08
-4.88339e-10 -4.15483e-08
-4.83963e-10 -4.16157e-08
-4.96115e-10 -4.16829e-08
-5.1253e-10 -4.17501e-08
-5.2294e-10 -4.18173e-08
-5.3503e-10 -4.18845e-08
-5.26459e-10 -4.19519e-08
-5.18827e-10 -4.20194e-08
-5.06072e-10 -4.20869e-08
-4.96687e-10 -4.21543e-08
-5.04629e-10 -4.22216e-08
-5.11215e-10 -4.22888e-08
-5.31675e-10 -4.23559e-08
-5.42833e-10 -4.24231e-08
-5.454e-10 -4.24904e-08
-5.43705e-10 -4.25578e-08
-5.259e-10 -4.26254e-08
-5.19451e-10 -4.26928e-08
-5.11958e-10 -4.27602e-08
-5.17824e-10 -4.28275e-08
-5.34999e-10 -4.28947e-08
-5.45907e-10 -4.29619e-08
-5.62551e-10 -4.3029e-08
-5.59787e-10 -4.30964e-08
-5.52755e-10 -4.31638e-08
-5.41742e-10 -4.32313e-08
-5.26828e-10 -4.32988e-08
-5.30796e-10 -4.33661e-08
-5.34343e-10 -4.34334e-08
-5.52561e-10 -4.35005e-08
-5.68799e-10 -4.35677e-08
-5.73966e-10 -4.3635e-08
-5.77965e-10 -4.37022e-08
-5.62056e-10 -4.37698e-08
-5.52743e-10 -4.38373e-08
-5.43218e-10 -4.39047e-08
-5.41958e-10 -4.39721e-08
-5.57985e-10 -4.40392e-08
-5.68689e-10 -4.41064e-08
-5.88088e-10 -4.41735e-08
-5.92205e-10 -4.42408e-08
-5.86719e-10 -4.43082e-08
-5.78851e-10 -4.43757e-08
-5.60305e-10 -4.44433e-08
-5.59443e-10 -4.45106e-08
-5.59896e-10 -4.4578e-08
-5.73705e-10 -4.46451e-08
-5.93607e-10 -4.47122e-08
-6.01356e-10 -4.47795e-08
-6.10724e-10 -4.48467e-08
-5.99194e-10 -4.49142e-08
-5.87851e-10 -4.49817e-08
-5.77529e-10 -4.50492e-08
-5.6924e-10 -4.51166e-08
-5.82128e-10 -4.51838e-08
-5.91954e-10 -4.5251e-08
-6.11956e-10 -4.53181e-08
-6.23173e-10 -4.53853e-08
-6.20217e-10 -4.54527e-08
-6.16467e-10 -4.55201e-08
-5.96798e-10 -4.55877e-08
-5.90764e-10 -4.56551e-08
-5.88343e-10 -4.57225e-08
-5.96107e-10 -4.57897e-08
-6.17629e-10 -4.58568e-08
-6.27743e-10 -4.5924e-08
-6.41516e-10 -4.59911e-08
-6.36398e-10 -4.60586e-08
-6.24288e-10 -4.61261e-08
-6.14397e-10 -4.61936e-08
-6.00139e-10 -4.62611e-08
-6.08083e-10 -4.63283e-08
-6.16407e-10 -4.63956e-08
-6.34789e-10 -4.64627e-08
-6.52377e-10 -4.65298e-08
-6.52852e-10 -4.65971e-08
-6.53673e-10 -4.66644e-08
-6.35668e-10 -4.6732e-08
-6.24778e-10 -4.67995e-08
-6.19913e-10 -4.68669e-08
-6.20758e-10 -4.69343e-08
-6.41455e-10 -4.70013e-08
-6.53483e-10 -4.70685e-08
-6.70202e-10 -4.71356e-08
-6.72768e-10 -4.72029e-08
-6.61485e-10 -4.72704e-08
-6.53108e-10 -4.73379e-08
-6.34788e-10 -4.74055e-08
-6.3645e-10 -4.74728e-08
-6.42716e-10 -4.75401e-08
-6.57468e-10 -4.76072e-08
-6.79792e-10 -4.76743e-08
-6.84363e-10 -4.77415e-08
-6.89684e-10 -4.78088e-08
-6.76019e-10 -4.78763e-08
-6.61309e-10 -4.79439e-08
-6.54566e-10 -4.80113e-08
-6.4852e-10 -4.80788e-08
-6.65842e-10 -4.81459e-08
-6.7908e-10 -4.8213e-08
-6.96989e-10 -4.82801e-08
-7.07536e-10 -4.83473e-08
-6.98833e-10 -4.84148e-08
-6.92814e-10 -4.84822e-08
-6.72947e-10 -4.85498e-08
-6.67702e-10 -4.86173e-08
-6.71439e-10 -4.86846e-08
-6.81022e-10 -4.87518e-08
-7.05709e-10 -4.88188e-08
-7.14659e-10 -4.8886e-08
-7.23943e-10 -4.89532e-08
-7.16798e-10 -4.90206e-08
-6.99977e-10 -4.90882e-08
-6.91999e-10 -4.91557e-08
-6.79999e-10 -4.92232e-08
-6.91638e-10 -4.92904e-08
-7.05141e-10 -4.93575e-08
-7.22414e-10 -4.94246e-08
-7.40185e-10 -4.94917e-08
-7.35735e-10 -4.95591e-08
-7.32644e-10 -4.96265e-08
-7.14002e-10 -4.96941e-08
-7.02119e-10 -4.97617e-08
-7.0296e-10 -4.9829e-08
-7.06503e-10 -4.98963e-08
-7.30718e-10 -4.99633e-08
-7.4384e-10 -5.00304e-08
-7.56185e-10 -5.00976e-08
-7.5693e-10 -5.01649e-08
-7.4022e-10 -5.02325e-08
-7.31687e-10 -5.03e-08
-7.15456e-10 -5.03676e-08
-7.1969e-10 -5.04349e-08
-7.32318e-10 -5.0502e-08
-7.47278e-10 -5.05691e-08
-7.70528e-10 -5.06361e-08
-7.71666e-10 -5.07035e-08
-7.71802e-10 -5.07708e-08
-7.57031e-10 -5.08384e-08
-7.39732e-10 -5.0906e-08
-7.37453e-10 -5.09734e-08
-7.34856e-10 -5.10407e-08
-7.55664e-10 -5.11078e-08
-7.72195e-10 -5.11749e-08
-7.8647e-10 -5.1242e-08
-7.9546e-10 -5.13092e-08
-7.81331e-10 -5.13768e-08
-7.72948e-10 -5.14443e-08
-7.54756e-10 -5.15119e-08
-7.50742e-10 -5.15793e-08
-7.61246e-10 -5.16465e-08
-7.72554e-10 -5.17136e-08
-7.98753e-10 -5.17806e-08
-8.0624e-10 -5.18478e-08
-8.09657e-10 -5.19151e-08
-8.0091e-10 -5.19826e-08
-7.80295e-10 -5.20503e-08
-7.7487e-10 -5.21177e-08
-7.66797e-10 -5.21851e-08
-7.81555e-10 -5.22523e-08
-8.00192e-10 -5.23193e-08
-8.15167e-10 -5.23864e-08
-8.31687e-10 -5.24535e-08
-8.22517e-10 -5.2521e-08
-8.1502e-10 -5.25885e-08
-7.97363e-10 -5.26561e-08
-7.85334e-10 -5.27236e-08
-7.92478e-10 -5.27909e-08
-7.9928e-10 -5.28581e-08
-8.25423e-10 -5.29251e-08
-8.3926e-10 -5.29922e-08
-8.45809e-10 -5.30594e-08
-8.44453e-10 -5.31268e-08
-8.23275e-10 -5.31945e-08
-8.14943e-10 -5.32619e-08
-8.02713e-10 -5.33295e-08
-8.09451e-10 -5.33967e-08
-8.28437e-10 -5.34638e-08
-8.42916e-10 -5.35309e-08
-8.65267e-10 -5.35979e-08
-8.62985e-10 -5.36653e-08
-8.57142e-10 -5.37327e-08
-8.42402e-10 -5.38003e-08
-8.23719e-10 -5.38679e-08
-8.26436e-10 -5.39352e-08
-8.28426e-10 -5.40025e-08
-8.51422e-10 -5.40695e-08
-8.70769e-10 -5.41366e-08
-8.80125e-10 -5.42038e-08
-8.86575e-10 -5.4271e-08
-8.67887e-10 -5.43386e-08
-8.57222e-10 -5.44062e-08
-8.42605e-10 -5.44737e-08
-8.40338e-10 -5.45411e-08
-8.57631e-10 -5.46082e-08
-8.70552e-10 -5.46753e-08
-8.96271e-10 -5.47423e-08
-9.0204e-10 -5.48095e-08
-8.98632e-10 -5.48769e-08
-8.88758e-10 -5.49444e-08
-8.65792e-10 -5.50121e-08
-8.63367e-10 -5.50795e-08
-8.60782e-10 -5.51469e-08
-8.77862e-10 -5.5214e-08
-9.01059e-10 -5.52809e-08
-9.12747e-10 -5.53481e-08
-9.2643e-10 -5.54152e-08
-9.13167e-10 -5.54828e-08
-9.01117e-10 -5.55503e-08
-8.86074e-10 -5.56179e-08
-8.74994e-10 -5.56854e-08
-8.88498e-10 -5.57526e-08
-8.99013e-10 -5.58197e-08
-9.25191e-10 -5.58867e-08
-9.39181e-10 -5.59538e-08
-9.38946e-10 -5.60211e-08
-9.35223e-10 -5.60885e-08
-9.11079e-10 -5.61563e-08
-9.03317e-10 -5.62237e-08
-8.96858e-10 -5.62912e-08
-9.05959e-10 -5.63584e-08
-9.30669e-10 -5.64253e-08
-9.44074e-10 -5.64925e-08
-9.63529e-10 -5.65595e-08
-9.58075e-10 -5.66269e-08
-9.45946e-10 -5.66945e-08
-9.3237e-10 -5.6762e-08
-9.1388e-10 -5.68297e-08
-9.21719e-10 -5.68969e-08
-9.29233e-10 -5.69641e-08
-9.52889e-10 -5.70311e-08
-9.74181e-10 -5.70981e-08
-9.77727e-10 -5.71654e-08
-9.80648e-10 -5.72326e-08
-9.58755e-10 -5.73004e-08
-9.46122e-10 -5.73679e-08
-9.36817e-10 -5.74354e-08
-9.36883e-10 -5.75028e-08
-9.60343e-10 -5.75697e-08
-9.74717e-10 -5.76368e-08
-9.97808e-10 -5.77038e-08
-1.00163e-09 -5.77711e-08
-9.90999e-10 -5.78386e-08
-9.80485e-10 -5.79061e-08
-9.57049e-10 -5.79738e-08
-9.57863e-10 -5.80412e-08
-9.62039e-10 -5.81085e-08
-9.80509e-10 -5.81755e-08
-1.00714e-09 -5.82424e-08
-1.01483e-09 -5.83096e-08
-1.02409e-09 -5.83768e-08
-1.00773e-09 -5.84444e-08
-9.9141e-10 -5.8512e-08
-9.80459e-10 -5.85796e-08
-9.7161e-10 -5.86471e-08
-9.90962e-10 -5.87141e-08
-1.00544e-09 -5.87812e-08
-1.02964e-09 -5.88481e-08
-1.04302e-09 -5.89152e-08
-1.03559e-09 -5.89827e-08
-1.02928e-09 -5.90501e-08
-1.00411e-09 -5.91179e-08
-9.97318e-10 -5.91854e-08
-9.98054e-10 -5.92527e-08
-1.00934e-09 -5.93199e-08
-1.0385e-09 -5.93867e-08
-1.05036e-09 -5.94539e-08
-1.06494e-09 -5.95209e-08
-1.05676e-09 -5.95884e-08
-1.03862e-09 -5.96561e-08
-1.02724e-09 -5.97236e-08
-1.01079e-09 -5.97913e-08
-1.02346e-09 -5.98584e-08
-1.03708e-09 -5.99255e-08
-1.0598e-09 -5.99925e-08
-1.08178e-09 -6.00594e-08
-1.07911e-09 -6.01268e-08
-1.07762e-09 -6.01942e-08
-1.05425e-09 -6.02619e-08
-1.04024e-09 -6.03295e-08
-1.03763e-09 -6.03969e-08
-1.04066e-09 -6.04642e-08
-1.06903e-09 -6.05311e-08
-1.08462e-09 -6.05981e-08
-1.10298e-09 -6.06651e-08
-1.10461e-09 -6.07325e-08
-1.08703e-09 -6.08001e-08
-1.07635e-09 -6.08677e-08
-1.05462e-09 -6.09354e-08
-1.05872e-09 -6.10026e-08
-1.07046e-09 -6.10698e-08
-1.08936e-09 -6.11368e-08
-1.11778e-09 -6.12036e-08
-1.12111e-09 -6.12709e-08
-1.12453e-09 -6.13382e-08
-1.10631e-09 -6.14059e-08
-1.0865e-09 -6.14736e-08
-1.08082e-09 -6.1541e-08
-1.07558e-09 -6.16085e-08
-1.09973e-09 -6.16754e-08
-1.11813e-09 -6.17424e-08
-1.13841e-09 -6.18094e-08
-1.15025e-09 -6.18765e-08
-1.13583e-09 -6.19441e-08
-1.12682e-09 -6.20116e-08
-1.10285e-09 -6.20794e-08
-1.09748e-09 -6.21468e-08
-1.10631e-09 -6.2214e-08
-1.11959e-09 -6.22811e-08
-1.15137e-09 -6.23479e-08
-1.16131e-09 -6.24151e-08
-1.16929e-09 -6.24823e-08
-1.15894e-09 -6.25498e-08
-1.1357e-09 -6.26176e-08
-1.12737e-09 -6.26851e-08
-1.11491e-09 -6.27526e-08
-1.13175e-09 -6.28197e-08
-1.15159e-09 -6.28867e-08
-1.17184e-09 -6.29536e-08
-1.19292e-09 -6.30206e-08
-1.18417e-09 -6.30881e-08
-1.17762e-09 -6.31556e-08
-1.15473e-09 -6.32233e-08
-1.14022e-09 -6.32909e-08
-1.14519e-09 -6.33582e-08
-1.15179e-09 -6.34254e-08
-1.18328e-09 -6.34922e-08
-1.1997e-09 -6.35592e-08
-1.21151e-09 -6.36263e-08
-1.21072e-09 -6.36937e-08
-1.18714e-09 -6.37615e-08
-1.17675e-09 -6.3829e-08
-1.15901e-09 -6.38967e-08
-1.16627e-09 -6.39639e-08
-1.18577e-09 -6.40309e-08
-1.20417e-09 -6.40979e-08
-1.23234e-09 -6.41647e-08
-1.23125e-09 -6.42321e-08
-1.22778e-09 -6.42995e-08
-1.20912e-09 -6.43672e-08
-1.18708e-09 -6.44349e-08
-1.18744e-09 -6.45023e-08
-1.18715e-09 -6.45696e-08
-1.2146e-09 -6.46365e-08
-1.23649e-09 -6.47034e-08
-1.25119e-09 -6.47705e-08
-1.2604e-09 -6.48376e-08
-1.23989e-09 -6.49054e-08
-1.22823e-09 -6.49729e-08
-1.20777e-09 -6.50407e-08
-1.20433e-09 -6.51081e-08
-1.22149e-09 -6.51751e-08
-1.23657e-09 -6.52422e-08
-1.26869e-09 -6.53089e-08
-1.27644e-09 -6.53761e-08
-1.2765e-09 -6.54434e-08
-1.26463e-09 -6.5511e-08
-1.23782e-09 -6.55789e-08
-1.23315e-09 -6.56463e-08
-1.22657e-09 -6.57138e-08
-1.24663e-09 -6.57807e-08
-1.27219e-09 -6.58476e-08
-1.28867e-09 -6.59146e-08
-1.30707e-09 -6.59816e-08
-1.29288e-09 -6.60492e-08
-1.28098e-09 -6.61168e-08
-1.26058e-09 -6.61845e-08
-1.24672e-09 -6.62522e-08
-1.25953e-09 -6.63193e-08
-1.27024e-09 -6.63864e-08
-1.30264e-09 -6.64531e-08
-1.31933e-09 -6.65201e-08
-1.32324e-09 -6.65874e-08
-1.31977e-09 -6.66548e-08
-1.29181e-09 -6.67227e-08
-1.28215e-09 -6.67902e-08
-1.27057e-09 -6.68578e-08
-1.28077e-09 -6.6925e-08
-1.3075e-09 -6.69918e-08
-1.32463e-09 -6.70588e-08
-1.35023e-09 -6.71256e-08
-1.34501e-09 -6.71931e-08
-1.33409e-09 -6.72606e-08
-1.31642e-09 -6.73283e-08
