0 0
-6.25123e-15 -8.30287e-12
-2.03838e-14 -1.66057e-11
-2.01643e-14 -2.49086e-11
-1.67184e-14 -3.32115e-11
1.29351e-14 -4.15144e-11
2.38972e-14 -4.98172e-11
9.21551e-15 -5.81201e-11
-2.24398e-14 -6.6423e-11
-1.02893e-13 -7.47258e-11
-1.35095e-13 -8.30286e-11
-1.5869e-13 -9.13315e-11
-1.257e-13 -9.96344e-11
-5.15553e-14 -1.07937e-10
-3.77655e-14 -1.1624e-10
-2.07973e-14 -1.24543e-10
-1.2599e-13 -1.32846e-10
-2.37582e-13 -1.41149e-10
-3.28176e-13 -1.49451e-10
-4.02491e-13 -1.57754e-10
-3.18326e-13 -1.66057e-10
-2.63838e-13 -1.7436e-10
-1.62157e-13 -1.82663e-10
-1.53375e-13 -1.90966e-10
-2.85039e-13 -1.99269e-10
-4.04555e-13 -2.07571e-10
-6.26974e-13 -2.15874e-10
-6.81221e-13 -2.24176e-10
-6.57668e-13 -2.32479e-10
-5.68762e-13 -2.40782e-10
-3.8565e-13 -2.49086e-10
-4.11498e-13 -2.57388e-10
-4.51082e-13 -2.65691e-10
-6.85854e-13 -2.73994e-10
-9.41136e-13 -2.82296e-10
-1.04064e-12 -2.90598e-10
-1.1258e-12 -2.98901e-10
-9.24747e-13 -3.07204e-10
-7.97128e-13 -3.15508e-10
-7.01761e-13 -3.23811e-10
-7.24882e-13 -3.32114e-10
-1.0369e-12 -3.40416e-10
-1.24817e-12 -3.48718e-10
-1.54972e-12 -3.5702e-10
-1.59789e-12 -3.65322e-10
-1.44499e-12 -3.73626e-10
-1.31569e-12 -3.81929e-10
-1.05641e-12 -3.90233e-10
-1.16862e-12 -3.98535e-10
-1.34766e-12 -4.06838e-10
-1.68753e-12 -4.15139e-10
-2.08163e-12 -4.2344e-10
-2.11864e-12 -4.31743e-10
-2.14813e-12 -4.40046e-10
-1.84084e-12 -4.4835e-10
-1.63328e-12 -4.56654e-10
-1.63826e-12 -4.64957e-10
-1.7325e-12 -4.73259e-10
-2.24395e-12 -4.8156e-10
-2.54741e-12 -4.89861e-10
-2.83116e-12 -4.98162e-10
-2.84882e-12 -5.06465e-10
-2.51507e-12 -5.1477e-10
-2.36878e-12 -5.23074e-10
-2.10976e-12 -5.31377e-10
-2.3363e-12 -5.39679e-10
-2.72833e-12 -5.4798e-10
-3.12732e-12 -5.56281e-10
-3.61445e-12 -5.64581e-10
-3.53818e-12 -5.72885e-10
-3.44035e-12 -5.81188e-10
-3.0771e-12 -5.89493e-10
-2.80728e-12 -5.97797e-10
-2.99884e-12 -6.06099e-10
-3.21264e-12 -6.14401e-10
-3.89044e-12 -6.227e-10
-4.27865e-12 -6.31e-10
-4.43601e-12 -6.39302e-10
-4.3989e-12 -6.47605e-10
-3.88082e-12 -6.55911e-10
-3.74277e-12 -6.64215e-10
-3.59237e-12 -6.72519e-10
-3.94187e-12 -6.80819e-10
-4.58883e-12 -6.89118e-10
-4.99389e-12 -6.97418e-10
-5.48784e-12 -7.05718e-10
-5.27746e-12 -7.14022e-10
-4.9929e-12 -7.22327e-10
-4.65105e-12 -7.30632e-10
-4.36775e-12 -7.38937e-10
-4.80267e-12 -7.47237e-10
-5.18799e-12 -7.55537e-10
-5.95175e-12 -7.63834e-10
-6.40187e-12 -7.72134e-10
-6.33868e-12 -7.80437e-10
-6.22098e-12 -7.88741e-10
-5.57066e-12 -7.97049e-10
-5.46536e-12 -8.05352e-10
-5.54276e-12 -8.13655e-10
-6.00976e-12 -8.21954e-10
-6.9033e-12 -8.3025e-10
-7.2671e-12 -8.3855e-10
-7.65283e-12 -8.46849e-10
-7.3186e-12 -8.55155e-10
-6.819e-12 -8.63462e-10
-6.58521e-12 -8.71767e-10
-6.3691e-12 -8.80071e-10
-7.06012e-12 -8.88369e-10
-7.66069e-12 -8.96667e-10
-8.39913e-12 -9.04963e-10
-8.86586e-12 -9.13262e-10
-8.52601e-12 -9.21568e-10
-8.30239e-12 -9.29873e-10
-7.62317e-12 -9.38181e-10
-7.57573e-12 -9.46485e-10
-7.98419e-12 -9.54784e-10
-8.55712e-12 -9.63082e-10
-9.62922e-12 -9.71375e-10
-9.91746e-12 -9.79675e-10
-1.00725e-11 -9.87976e-10
-9.64975e-12 -9.96283e-10
-8.95385e-12 -1.00459e-09
-8.90533e-12 -1.0129e-09
-8.86178e-12 -1.0212e-09
-9.77356e-12 -1.02949e-09
-1.06088e-11 -1.03779e-09
-1.12035e-11 -1.04608e-09
-1.16165e-11 -1.05438e-09
-1.09979e-11 -1.06269e-09
-1.06499e-11 -1.071e-09
-1.00803e-11 -1.07931e-09
-1.01208e-11 -1.08761e-09
-1.09207e-11 -1.09591e-09
-1.15886e-11 -1.1042e-09
-1.27153e-11 -1.11249e-09
-1.29075e-11 -1.12079e-09
-1.27287e-11 -1.1291e-09
-1.22678e-11 -1.13741e-09
-1.14499e-11 -1.14572e-09
-1.16389e-11 -1.15402e-09
-1.18821e-11 -1.16232e-09
-1.29386e-11 -1.17061e-09
-1.39872e-11 -1.1789e-09
-1.43377e-11 -1.1872e-09
-1.46069e-11 -1.1955e-09
-1.37659e-11 -1.20381e-09
-1.32919e-11 -1.21212e-09
-1.29808e-11 -1.22043e-09
-1.31489e-11 -1.22873e-09
-1.43369e-11 -1.23702e-09
-1.50916e-11 -1.24531e-09
-1.61106e-11 -1.2536e-09
-1.61953e-11 -1.2619e-09
-1.5626e-11 -1.27021e-09
-1.51807e-11 -1.27852e-09
-1.43688e-11 -1.28683e-09
-1.48144e-11 -1.29513e-09
-1.54436e-11 -1.30343e-09
-1.65451e-11 -1.31172e-09
-1.77338e-11 -1.32e-09
-1.77779e-11 -1.32831e-09
-1.78067e-11 -1.33661e-09
-1.68513e-11 -1.34492e-09
-1.62771e-11 -1.35323e-09
-1.63542e-11 -1.36154e-09
-1.67016e-11 -1.36983e-09
-1.82022e-11 -1.37812e-09
-1.90335e-11 -1.38641e-09
-1.97728e-11 -1.3947e-09
-1.97407e-11 -1.40301e-09
-1.87911e-11 -1.41132e-09
-1.84094e-11 -1.41963e-09
-1.77712e-11 -1.42794e-09
-1.84593e-11 -1.43623e-09
-1.95326e-11 -1.44452e-09
-2.05761e-11 -1.45281e-09
-2.17791e-11 -1.4611e-09
-2.15039e-11 -1.4694e-09
-2.12096e-11 -1.47771e-09
-2.02819e-11 -1.48603e-09
-1.96697e-11 -1.49434e-09
-2.0218e-11 -1.50263e-09
-2.0805e-11 -1.51093e-09
-2.24763e-11 -1.51921e-09
-2.33625e-11 -1.5275e-09
-2.3674e-11 -1.53579e-09
-2.35126e-11 -1.5441e-09
-2.22693e-11 -1.55242e-09
-2.19888e-11 -1.56073e-09
-2.17061e-11 -1.56904e-09
-2.25985e-11 -1.57733e-09
-2.4108e-11 -1.58561e-09
-2.50073e-11 -1.5939e-09
-2.60582e-11 -1.60218e-09
-2.55004e-11 -1.61049e-09
-2.48375e-11 -1.61881e-09
-2.40892e-11 -1.62712e-09
-2.35408e-11 -1.63543e-09
-2.45769e-11 -1.64372e-09
-2.54605e-11 -1.65201e-09
-2.71161e-11 -1.66028e-09
-2.8013e-11 -1.66857e-09
-2.78039e-11 -1.67688e-09
-2.74962e-11 -1.68519e-09
-2.61174e-11 -1.69351e-09
-2.59657e-11 -1.70182e-09
-2.62023e-11 -1.71012e-09
-2.72498e-11 -1.7184e-09
-2.91076e-11 -1.72668e-09
-2.98052e-11 -1.73497e-09
-3.0522e-11 -1.74326e-09
-2.97587e-11 -1.75157e-09
-2.87393e-11 -1.75989e-09
-2.83055e-11 -1.7682e-09
-2.79575e-11 -1.77651e-09
-2.94243e-11 -1.78479e-09
-3.06406e-11 -1.79307e-09
-3.20815e-11 -1.80135e-09
-3.29146e-11 -1.80964e-09
-3.21696e-11 -1.81795e-09
-3.16994e-11 -1.82627e-09
-3.03961e-11 -1.83459e-09
-3.03966e-11 -1.84289e-09
-3.12626e-11 -1.85118e-09
-3.24192e-11 -1.85946e-09
-3.44571e-11 -1.86773e-09
-3.49276e-11 -1.87603e-09
-3.51461e-11 -1.88432e-09
-3.42786e-11 -1.89264e-09
-3.29865e-11 -1.90097e-09
-3.29628e-11 -1.90927e-09
-3.29706e-11 -1.91757e-09
-3.47457e-11 -1.92585e-09
-3.62883e-11 -1.93412e-09
-3.73382e-11 -1.9424e-09
-3.80035e-11 -1.95069e-09
-3.67939e-11 -1.95902e-09
-3.61553e-11 -1.96734e-09
-3.51604e-11 -1.97566e-09
-3.5341e-11 -1.98396e-09
-3.6863e-11 -1.99223e-09
-3.80945e-11 -2.00051e-09
-4.00827e-11 -2.00877e-09
-4.03263e-11 -2.01707e-09
-3.99358e-11 -2.02538e-09
-3.9071e-11 -2.0337e-09
-3.76632e-11 -2.04203e-09
-3.80911e-11 -2.05033e-09
-3.8604e-11 -2.05862e-09
-4.05209e-11 -2.06689e-09
-4.23228e-11 -2.07515e-09
-4.28594e-11 -2.08345e-09
-4.32349e-11 -2.09174e-09
-4.17117e-11 -2.10007e-09
-4.09225e-11 -2.10839e-09
-4.04524e-11 -2.1167e-09
-4.08531e-11 -2.125e-09
-4.29572e-11 -2.13326e-09
-4.42414e-11 -2.14154e-09
-4.5922e-11 -2.14981e-09
-4.59526e-11 -2.15811e-09
-4.49258e-11 -2.16643e-09
-4.41602e-11 -2.17475e-09
-4.28549e-11 -2.18308e-09
-4.37185e-11 -2.19137e-09
-4.48472e-11 -2.19965e-09
-4.67259e-11 -2.20791e-09
-4.86503e-11 -2.21617e-09
-4.86256e-11 -2.22447e-09
-4.85923e-11 -2.23278e-09
-4.69653e-11 -2.24112e-09
-4.608e-11 -2.24944e-09
-4.62962e-11 -2.25773e-09
-4.69721e-11 -2.26602e-09
-4.94846e-11 -2.27427e-09
-5.08023e-11 -2.28255e-09
-5.19324e-11 -2.29082e-09
-5.17656e-11 -2.29913e-09
-5.01771e-11 -2.30747e-09
-4.95847e-11 -2.31579e-09
-4.8635e-11 -2.32411e-09
-4.98697e-11 -2.33238e-09
-5.1653e-11 -2.34065e-09
-5.33313e-11 -2.34891e-09
-5.51788e-11 -2.35717e-09
-5.46242e-11 -2.36549e-09
-5.4094e-11 -2.37381e-09
-5.26001e-11 -2.38214e-09
-5.17188e-11 -2.39046e-09
-5.2696e-11 -2.39875e-09
-5.37114e-11 -2.40703e-09
-5.63798e-11 -2.41527e-09
-5.76994e-11 -2.42354e-09
-5.80964e-11 -2.43183e-09
-5.77406e-11 -2.44014e-09
-5.5768e-11 -2.44849e-09
-5.53965e-11 -2.4568e-09
-5.50525e-11 -2.46511e-09
-5.6564e-11 -2.47338e-09
-5.89432e-11 -2.48163e-09
-6.03011e-11 -2.4899e-09
-6.18324e-11 -2.49817e-09
-6.08497e-11 -2.50649e-09
-5.97938e-11 -2.51482e-09
-5.86605e-11 -2.52315e-09
-5.793e-11 -2.53147e-09
-5.96385e-11 -2.53973e-09
-6.10507e-11 -2.548e-09
-6.35816e-11 -2.55624e-09
-6.48444e-11 -2.56452e-09
-6.44217e-11 -2.57283e-09
-6.38767e-11 -2.58115e-09
-6.17845e-11 -2.5895e-09
-6.16594e-11 -2.59781e-09
-6.21235e-11 -2.6061e-09
-6.38107e-11 -2.61436e-09
-6.66185e-11 -2.62259e-09
-6.75912e-11 -2.63087e-09
-6.85645e-11 -2.63915e-09
-6.73053e-11 -2.64748e-09
-6.57767e-11 -2.65583e-09
-6.51868e-11 -2.66414e-09
-6.47909e-11 -2.67245e-09
-6.70974e-11 -2.6807e-09
-6.89324e-11 -2.68896e-09
-7.10395e-11 -2.69721e-09
-7.21505e-11 -2.70548e-09
-7.0939e-11 -2.71381e-09
-7.02026e-11 -2.72214e-09
-6.83081e-11 -2.73049e-09
-6.84434e-11 -2.73879e-09
-6.98275e-11 -2.74705e-09
-7.16034e-11 -2.75531e-09
-7.45738e-11 -2.76354e-09
-7.51497e-11 -2.77182e-09
-7.53656e-11 -2.78012e-09
-7.40045e-11 -2.78846e-09
-7.21494e-11 -2.79681e-09
-7.22141e-11 -2.80511e-09
-7.23502e-11 -2.81341e-09
-7.50388e-11 -2.82164e-09
-7.72652e-11 -2.82989e-09
-7.87165e-11 -2.83815e-09
-7.95475e-11 -2.84643e-09
-7.76967e-11 -2.85478e-09
-7.67775e-11 -2.86311e-09
-7.54056e-11 -2.87145e-09
-7.58175e-11 -2.87974e-09
-7.81102e-11 -2.88798e-09
-7.99132e-11 -2.89624e-09
-8.27139e-11 -2.90446e-09
-8.29211e-11 -2.91276e-09
-8.22664e-11 -2.92108e-09
-8.09732e-11 -2.92942e-09
-7.90272e-11 -2.93778e-09
-7.97714e-11 -2.94606e-09
-8.06171e-11 -2.95434e-09
-8.34255e-11 -2.96256e-09
-8.59336e-11 -2.97079e-09
-8.65888e-11 -2.97908e-09
-8.69948e-11 -2.98737e-09
-8.47547e-11 -2.99574e-09
-8.36885e-11 -3.00407e-09
-8.31199e-11 -3.01239e-09
-8.38392e-11 -3.02067e-09
-8.68924e-11 -3.02889e-09
-8.86851e-11 -3.03714e-09
-9.09666e-11 -3.04537e-09
-9.08536e-11 -3.05368e-09
-8.93343e-11 -3.06203e-09
-8.82514e-11 -3.07036e-09
-8.65174e-11 -3.07871e-09
-8.78829e-11 -3.08698e-09
-8.95551e-11 -3.09523e-09
-9.22191e-11 -3.10346e-09
-9.48144e-11 -3.11168e-09
-9.46447e-11 -3.11999e-09
-9.4492e-11 -3.1283e-09
-9.21777e-11 -3.13667e-09
-9.10429e-11 -3.14501e-09
-9.14665e-11 -3.1533e-09
-9.25425e-11 -3.16157e-09
-9.60821e-11 -3.16977e-09
-9.78381e-11 -3.17801e-09
-9.92918e-11 -3.18627e-09
-9.89085e-11 -3.19459e-09
-9.66652e-11 -3.20296e-09
-9.58933e-11 -3.21129e-09
-9.47038e-11 -3.21962e-09
-9.65671e-11 -3.22787e-09
-9.90828e-11 -3.2361e-09
-1.01379e-10 -3.24433e-09
-1.03795e-10 -3.25256e-09
-1.02882e-10 -3.26089e-09
-1.02083e-10 -3.26922e-09
-1.00029e-10 -3.27758e-09
-9.89562e-11 -3.28592e-09
-1.00433e-10 -3.29418e-09
-1.01927e-10 -3.30243e-09
-1.05588e-10 -3.31062e-09
-1.07271e-10 -3.31887e-09
-1.07685e-10 -3.32716e-09
-1.0707e-10 -3.33548e-09
-1.04372e-10 -3.34387e-09
-1.03966e-10 -3.35219e-09
-1.03633e-10 -3.3605e-09
-1.05835e-10 -3.36873e-09
-1.09084e-10 -3.37693e-09
-1.10858e-10 -3.38518e-09
-1.12791e-10 -3.39342e-09
-1.1131e-10 -3.40177e-09
-1.09854e-10 -3.41012e-09
-1.08364e-10 -3.41847e-09
-1.07537e-10 -3.4268e-09
-1.09985e-10 -3.43502e-09
-1.1195e-10 -3.44326e-09
-1.15332e-10 -3.45145e-09
-1.16876e-10 -3.4597e-09
-1.16175e-10 -3.46803e-09
-1.15351e-10 -3.47636e-09
-1.12569e-10 -3.48476e-09
-1.12547e-10 -3.49306e-09
-1.13306e-10 -3.50134e-09
-1.15686e-10 -3.50956e-09
-1.19421e-10 -3.51774e-09
-1.20606e-10 -3.526e-09
-1.21761e-10 -3.53427e-09
-1.19945e-10 -3.54263e-09
-1.17925e-10 -3.551e-09
-1.17229e-10 -3.55933e-09
-1.1687e-10 -3.56764e-09
-1.20074e-10 -3.57584e-09
-1.22524e-10 -3.58406e-09
-1.25255e-10 -3.59227e-09
-1.26554e-10 -3.60053e-09
-1.24819e-10 -3.60889e-09
-1.23803e-10 -3.61723e-09
-1.21358e-10 -3.62561e-09
-1.21716e-10 -3.6339e-09
-1.23676e-10 -3.64214e-09
-1.26099e-10 -3.65036e-09
-1.29962e-10 -3.65853e-09
-1.30563e-10 -3.66681e-09
-1.30713e-10 -3.67511e-09
-1.28816e-10 -3.68348e-09
-1.26439e-10 -3.69186e-09
-1.26659e-10 -3.70016e-09
-1.26999e-10 -3.70845e-09
-1.30644e-10 -3.71662e-09
-1.33523e-10 -3.72482e-09
-1.35318e-10 -3.73306e-09
-1.36229e-10 -3.74133e-09
-1.33693e-10 -3.74973e-09
-1.3251e-10 -3.75807e-09
-1.30815e-10 -3.76643e-09
-1.31549e-10 -3.77471e-09
-1.34656e-10 -3.7829e-09
-1.37031e-10 -3.79112e-09
-1.40588e-10 -3.79929e-09
-1.40671e-10 -3.80759e-09
-1.39705e-10 -3.81593e-09
-1.37966e-10 -3.8243e-09
-1.3554e-10 -3.83269e-09
-1.36679e-10 -3.84095e-09
-1.37917e-10 -3.84921e-09
-1.4164e-10 -3.85738e-09
-1.448e-10 -3.86556e-09
-1.45505e-10 -3.87384e-09
-1.45868e-10 -3.88213e-09
-1.42884e-10 -3.89054e-09
-1.41585e-10 -3.89889e-09
-1.40982e-10 -3.90722e-09
-1.42103e-10 -3.91548e-09
-1.46132e-10 -3.92363e-09
-1.48405e-10 -3.93185e-09
-1.51223e-10 -3.94005e-09
-1.50878e-10 -3.94836e-09
-1.48838e-10 -3.95674e-09
-1.47448e-10 -3.9651e-09
-1.45355e-10 -3.97348e-09
-1.47305e-10 -3.98171e-09
-1.49559e-10 -3.98993e-09
-1.53009e-10 -3.9981e-09
-1.56204e-10 -4.00628e-09
-1.55814e-10 -4.0146e-09
-1.55489e-10 -4.02291e-09
-1.5248e-10 -4.03133e-09
-1.51163e-10 -4.03969e-09
-1.51863e-10 -4.04796e-09
-1.53406e-10 -4.05621e-09
-1.5798e-10 -4.06433e-09
-1.6012e-10 -4.07255e-09
-1.61829e-10 -4.08079e-09
-1.6115e-10 -4.08912e-09
-1.58244e-10 -4.09753e-09
-1.5733e-10 -4.10587e-09
-1.55976e-10 -4.11423e-09
-1.58546e-10 -4.12243e-09
-1.61809e-10 -4.13061e-09
-1.64699e-10 -4.1388e-09
-1.67604e-10 -4.14698e-09
-1.66258e-10 -4.15534e-09
-1.65162e-10 -4.16369e-09
-1.62561e-10 -4.17209e-09
-1.6138e-10 -4.18044e-09
-1.63425e-10 -4.18866e-09
-1.65442e-10 -4.19689e-09
-1.70084e-10 -4.205e-09
-1.72055e-10 -4.21323e-09
-1.72418e-10 -4.22152e-09
-1.71483e-10 -4.22986e-09
-1.68072e-10 -4.2383e-09
-1.67694e-10 -4.24661e-09
-1.67444e-10 -4.25493e-09
-1.70403e-10 -4.26311e-09
-1.74513e-10 -4.27125e-09
-1.76657e-10 -4.27946e-09
-1.78911e-10 -4.28767e-09
-1.76862e-10 -4.29606e-09
-1.75005e-10 -4.30444e-09
-1.73193e-10 -4.31282e-09
-1.72359e-10 -4.32115e-09
-1.75611e-10 -4.32932e-09
-1.78145e-10 -4.33752e-09
-1.82347e-10 -4.34565e-09
-1.84085e-10 -4.35388e-09
-1.83043e-10 -4.36223e-09
-1.81906e-10 -4.37058e-09
-1.78463e-10 -4.37902e-09
-1.78624e-10 -4.38732e-09
-1.79743e-10 -4.39558e-09
-1.82863e-10 -4.40375e-09
-1.87497e-10 -4.41186e-09
-1.88826e-10 -4.42011e-09
-1.90089e-10 -4.42836e-09
-1.87661e-10 -4.43676e-09
-1.85176e-10 -4.44517e-09
-1.84427e-10 -4.4535e-09
-1.84189e-10 -4.46182e-09
-1.88344e-10 -4.46994e-09
-1.91397e-10 -4.47812e-09
-1.94704e-10 -4.48628e-09
-1.96099e-10 -4.49452e-09
-1.9379e-10 -4.50292e-09
-1.92489e-10 -4.51128e-09
-1.89539e-10 -4.51971e-09
-1.9021e-10 -4.52798e-09
-1.92798e-10 -4.53618e-09
-1.95891e-10 -4.54435e-09
-2.00597e-10 -4.55245e-09
-2.01143e-10 -4.56073e-09
-2.01166e-10 -4.56903e-09
-1.987e-10 -4.57744e-09
-1.95849e-10 -4.58586e-09
-1.96292e-10 -4.59415e-09
-1.96909e-10 -4.60242e-09
-2.01548e-10 -4.61053e-09
-2.05041e-10 -4.61867e-09
-2.07118e-10 -4.62689e-09
-2.08023e-10 -4.63515e-09
-2.04765e-10 -4.6436e-09
-2.03343e-10 -4.65196e-09
-2.01383e-10 -4.66035e-09
-2.0253e-10 -4.6686e-09
-2.06487e-10 -4.67673e-09
-2.09427e-10 -4.6849e-09
-2.13681e-10 -4.69301e-09
-2.13552e-10 -4.70132e-09
-2.12231e-10 -4.70969e-09
-2.10036e-10 -4.71809e-09
-2.07195e-10 -4.72652e-09
-2.08807e-10 -4.73475e-09
-2.10492e-10 -4.74298e-09
-2.15147e-10 -4.75107e-09
-2.18899e-10 -4.7592e-09
-2.19581e-10 -4.76747e-09
-2.19832e-10 -4.77577e-09
-2.16085e-10 -4.78424e-09
-2.14605e-10 -4.79261e-09
-2.14034e-10 -4.80094e-09
-2.15637e-10 -4.80917e-09
-2.2066e-10 -4.81724e-09
-2.23379e-10 -4.82542e-09
-2.26663e-10 -4.83357e-09
-2.26002e-10 -4.8419e-09
-2.23419e-10 -4.85033e-09
-2.21739e-10 -4.85871e-09
-2.19361e-10 -4.86712e-09
-2.21976e-10 -4.8753e-09
-2.24845e-10 -4.88347e-09
-2.29074e-10 -4.89158e-09
-2.32794e-10 -4.89971e-09
-2.32107e-10 -4.90804e-09
-2.31563e-10 -4.91637e-09
-2.27859e-10 -4.92485e-09
-2.26433e-10 -4.93322e-09
-2.27479e-10 -4.94147e-09
-2.29552e-10 -4.94968e-09
-2.35159e-10 -4.95772e-09
-2.37624e-10 -4.9659e-09
-2.39516e-10 -4.97412e-09
-2.38469e-10 -4.98247e-09
-2.349e-10 -4.99094e-09
-2.33887e-10 -4.99929e-09
-2.32444e-10 -5.00766e-09
-2.35797e-10 -5.01581e-09
-2.39816e-10 -5.02392e-09
-2.43268e-10 -5.03206e-09
-2.4658e-10 -5.0402e-09
-2.44727e-10 -5.04859e-09
-2.43313e-10 -5.05696e-09
-2.40186e-10 -5.06542e-09
-2.38982e-10 -5.07377e-09
-2.41664e-10 -5.08195e-09
-2.44241e-10 -5.09013e-09
-2.49843e-10 -5.09816e-09
-2.52024e-10 -5.10636e-09
-2.52268e-10 -5.11465e-09
-2.50959e-10 -5.12302e-09
-2.46856e-10 -5.13152e-09
-2.46571e-10 -5.13983e-09
-2.46478e-10 -5.14814e-09
-2.50255e-10 -5.15626e-09
-2.55209e-10 -5.16432e-09
-2.57671e-10 -5.1725e-09
-2.60164e-10 -5.18068e-09
-2.57485e-10 -5.18912e-09
-2.55234e-10 -5.19753e-09
-2.53141e-10 -5.20594e-09
-2.52387e-10 -5.21428e-09
-2.56502e-10 -5.22238e-09
-2.59615e-10 -5.23053e-09
-2.646e-10 -5.23858e-09
-2.66442e-10 -5.24679e-09
-2.65e-10 -5.25517e-09
-2.63521e-10 -5.26354e-09
-2.59458e-10 -5.27205e-09
-2.59884e-10 -5.28033e-09
-2.61426e-10 -5.28856e-09
-2.65325e-10 -5.29667e-09
-2.7082e-10 -5.30469e-09
-2.72222e-10 -5.31292e-09
-2.73521e-10 -5.32116e-09
-2.70433e-10 -5.32962e-09
-2.67516e-10 -5.33807e-09
-2.66772e-10 -5.34641e-09
-2.6674e-10 -5.35471e-09
-2.71892e-10 -5.36276e-09
-2.75529e-10 -5.37087e-09
-2.79358e-10 -5.37898e-09
-2.80759e-10 -5.38721e-09
-2.77829e-10 -5.39567e-09
-2.76245e-10 -5.40405e-09
-2.72843e-10 -5.41252e-09
-2.73917e-10 -5.42077e-09
-2.77182e-10 -5.42891e-09
-2.80959e-10 -5.43702e-09
-2.86454e-10 -5.44503e-09
-2.86862e-10 -5.45332e-09
-2.86701e-10 -5.46163e-09
-2.83637e-10 -5.47009e-09
-2.80366e-10 -5.47856e-09
-2.81105e-10 -5.48683e-09
-2.8207e-10 -5.49508e-09
-2.8773e-10 -5.50309e-09
-2.91793e-10 -5.51118e-09
-2.94086e-10 -5.51936e-09
-2.94904e-10 -5.52762e-09
-2.90894e-10 -5.53614e-09
-2.89263e-10 -5.54452e-09
-2.87102e-10 -5.55294e-09
-2.88748e-10 -5.56116e-09
-2.93587e-10 -5.5692e-09
-2.97079e-10 -5.57732e-09
-3.01963e-10 -5.58536e-09
-3.01534e-10 -5.59369e-09
-2.99821e-10 -5.60209e-09
-2.97169e-10 -5.61053e-09
-2.93983e-10 -5.619e-09
-2.96146e-10 -5.62719e-09
-2.98329e-10 -5.63538e-09
-3.03922e-10 -5.64338e-09
-3.082e-10 -5.65145e-09
-3.08789e-10 -5.65972e-09
-3.08862e-10 -5.66802e-09
-3.04339e-10 -5.67657e-09
-3.02736e-10 -5.68496e-09
-3.02265e-10 -5.69329e-09
-3.04427e-10 -5.70147e-09
-3.10455e-10 -5.70945e-09
-3.13578e-10 -5.71758e-09
-3.17259e-10 -5.72568e-09
-3.16198e-10 -5.73405e-09
-3.13057e-10 -5.74252e-09
-3.11111e-10 -5.75093e-09
-3.08527e-10 -5.75937e-09
-3.11885e-10 -5.76749e-09
-3.15395e-10 -5.7756e-09
-3.20387e-10 -5.78363e-09
-3.24552e-10 -5.7917e-09
-3.23496e-10 -5.80007e-09
-3.22691e-10 -5.80841e-09
-3.18301e-10 -5.81696e-09
-3.16842e-10 -5.82534e-09
-3.18302e-10 -5.83356e-09
-3.20962e-10 -5.84172e-09
-3.27594e-10 -5.84966e-09
-3.30318e-10 -5.85781e-09
-3.32323e-10 -5.866e-09
-3.30838e-10 -5.87438e-09
-3.26613e-10 -5.88292e-09
-3.25552e-10 -5.89128e-09
-3.24099e-10 -5.89967e-09
-3.28303e-10 -5.90774e-09
-3.33078e-10 -5.91577e-09
-3.37057e-10 -5.92385e-09
-3.40689e-10 -5.93195e-09
-3.38262e-10 -5.94039e-09
-3.36515e-10 -5.94879e-09
-3.32891e-10 -5.9573e-09
-3.31752e-10 -5.96566e-09
-3.35134e-10 -5.97378e-09
-3.38303e-10 -5.9819e-09
-3.44837e-10 -5.98983e-09
-3.47147e-10 -5.998e-09
-3.47207e-10 -6.0063e-09
-3.45476e-10 -6.0147e-09
-3.40708e-10 -6.02328e-09
-3.40587e-10 -6.03159e-09
-3.40723e-10 -6.03988e-09
-3.45371e-10 -6.04792e-09
-3.51147e-10 -6.05589e-09
-3.53868e-10 -6.06404e-09
-3.56518e-10 -6.07218e-09
-3.5315e-10 -6.08068e-09
-3.5052e-10 -6.08914e-09
-3.48193e-10 -6.09757e-09
-3.47611e-10 -6.10591e-09
-3.52643e-10 -6.11392e-09
-3.56338e-10 -6.12201e-09
-3.62059e-10 -6.12998e-09
-3.63914e-10 -6.13817e-09
-3.62019e-10 -6.14659e-09
-3.60177e-10 -6.155e-09
-3.55538e-10 -6.16357e-09
-3.56314e-10 -6.17183e-09
-3.58338e-10 -6.18002e-09
-3.63049e-10 -6.18804e-09
-3.6936e-10 -6.19597e-09
-3.70762e-10 -6.20419e-09
-3.72026e-10 -6.21242e-09
-3.68237e-10 -6.22095e-09
-3.64928e-10 -6.22945e-09
-3.64252e-10 -6.23779e-09
-3.64509e-10 -6.24608e-09
-3.70697e-10 -6.25402e-09
-3.74891e-10 -6.26207e-09
-3.79185e-10 -6.27011e-09
-3.80501e-10 -6.27834e-09
-3.76911e-10 -6.28686e-09
-3.75052e-10 -6.29527e-09
-3.71256e-10 -6.3038e-09
-3.72823e-10 -6.31201e-09
-3.76807e-10 -6.32007e-09
-3.81274e-10 -6.32811e-09
-3.87498e-10 -6.33603e-09
-3.87684e-10 -6.34433e-09
-3.87287e-10 -6.35265e-09
-3.83606e-10 -6.36118e-09
-3.79978e-10 -6.3697e-09
-3.81085e-10 -6.37794e-09
-3.82464e-10 -6.38616e-09
-3.89167e-10 -6.39405e-09
-3.93747e-10 -6.40208e-09
-3.9619e-10 -6.41023e-09
-3.96839e-10 -6.41849e-09
-3.92054e-10 -6.42709e-09
-3.90253e-10 -6.4355e-09
-3.87957e-10 -6.44394e-09
-3.90189e-10 -6.45211e-09
-3.95933e-10 -6.46006e-09
-3.99956e-10 -6.46812e-09
-4.05399e-10 -6.47608e-09
-4.04585e-10 -6.48444e-09
-4.0245e-10 -6.49287e-09
-3.99345e-10 -6.50137e-09
-3.95889e-10 -6.50988e-09
-3.98681e-10 -6.51801e-09
-4.01407e-10 -6.52615e-09
-4.07939e-10 -6.53405e-09
-4.12671e-10 -6.54205e-09
-4.13093e-10 -6.55033e-09
-4.12927e-10 -6.55864e-09
-4.07626e-10 -6.56728e-09
-4.05963e-10 -6.57568e-09
-4.05661e-10 -6.58401e-09
-4.08455e-10 -6.59214e-09
-4.1549e-10 -6.6e-09
-4.18971e-10 -6.60808e-09
-4.22973e-10 -6.61613e-09
-4.21433e-10 -6.62453e-09
-4.17727e-10 -6.63307e-09
-4.15546e-10 -6.64151e-09
-4.12837e-10 -6.64998e-09
-4.17013e-10 -6.65802e-09
-4.21184e-10 -6.66606e-09
-4.26919e-10 -6.674e-09
-4.31443e-10 -6.68201e-09
-4.29948e-10 -6.69041e-09
-4.28844e-10 -6.69879e-09
-4.23785e-10 -6.70741e-09
-4.22375e-10 -6.7158e-09
-4.24317e-10 -6.72398e-09
-4.27616e-10 -6.73208e-09
-4.35255e-10 -6.73989e-09
-4.38169e-10 -6.74801e-09
-4.40215e-10 -6.75618e-09
-4.38227e-10 -6.76461e-09
-4.33364e-10 -6.77322e-09
-4.32307e-10 -6.78159e-09
-4.30924e-10 -6.78998e-09
-4.36044e-10 -6.79796e-09
-4.41569e-10 -6.80591e-09
-4.4603e-10 -6.81392e-09
-4.49896e-10 -6.82197e-09
-4.46829e-10 -6.83047e-09
-4.44744e-10 -6.83891e-09
-4.40658e-10 -6.84748e-09
-4.39675e-10 -6.85584e-09
-4.43816e-10 -6.86388e-09
-4.47603e-10 -6.87194e-09
-4.55034e-10 -6.87975e-09
-4.57385e-10 -6.8879e-09
-4.572e-10 -6.89622e-09
-4.55004e-10 -6.90466e-09
-4.49609e-10 -6.91332e-09
-4.49725e-10 -6.92162e-09
-4.5016e-10 -6.92989e-09
-4.55728e-10 -6.93783e-09
-4.62294e-10 -6.9457e-09
-4.65212e-10 -6.95381e-09
-4.67938e-10 -6.96193e-09
-4.63829e-10 -6.9705e-09
-4.60842e-10 -6.979e-09
-4.58332e-10 -6.98747e-09
-4.58013e-10 -6.9958e-09
-4.6401e-10 -7.0037e-09
-4.68282e-10 -7.01172e-09
-4.7469e-10 -7.01959e-09
-4.76465e-10 -7.02778e-09
-4.74067e-10 -7.03624e-09
-4.71848e-10 -7.0447e-09
-4.66685e-10 -7.05334e-09
-4.67896e-10 -7.06156e-09
-4.7046e-10 -7.0697e-09
-4.76008e-10 -7.07763e-09
-4.83083e-10 -7.08545e-09
-4.84409e-10 -7.09366e-09
-4.8557e-10 -7.10189e-09
-4.81046e-10 -7.1105e-09
-4.77393e-10 -7.11905e-09
-4.76849e-10 -7.12739e-09
-4.77476e-10 -7.13565e-09
-4.84733e-10 -7.14346e-09
-4.89451e-10 -7.15144e-09
-4.94147e-10 -7.15942e-09
-4.95289e-10 -7.16765e-09
-4.91004e-10 -7.17624e-09
-4.88887e-10 -7.18469e-09
-4.84762e-10 -7.19327e-09
-4.86909e-10 -7.20143e-09
-4.91651e-10 -7.20941e-09
-4.96808e-10 -7.21736e-09
-5.03693e-10 -7.22519e-09
-5.03574e-10 -7.2335e-09
-5.02891e-10 -7.24185e-09
-4.98582e-10 -7.25045e-09
-4.94664e-10 -7.25902e-09
-4.96212e-10 -7.26722e-09
-4.98069e-10 -7.27539e-09
-5.05829e-10 -7.28316e-09
-5.10868e-10 -7.29111e-09
-5.1339e-10 -7.29924e-09
-5.13793e-10 -7.30751e-09
-5.0822e-10 -7.31621e-09
-5.06292e-10 -7.32464e-09
-5.03932e-10 -7.33311e-09
-5.06832e-10 -7.34121e-09
-5.13498e-10 -7.34905e-09
-5.18023e-10 -7.35704e-09
-5.2395e-10 -7.36492e-09
-5.22668e-10 -7.37331e-09
-5.20086e-10 -7.3818e-09
-5.1654e-10 -7.39035e-09
-5.12896e-10 -7.39891e-09
-5.16391e-10 -7.40697e-09
-5.197e-10 -7.41504e-09
-5.27163e-10 -7.42281e-09
-5.32271e-10 -7.43075e-09
-5.32456e-10 -7.43904e-09
-5.31994e-10 -7.44738e-09
-5.25921e-10 -7.45611e-09
-5.24265e-10 -7.46453e-09
-5.24203e-10 -7.47284e-09
-5.27696e-10 -7.4809e-09
-5.35735e-10 -7.48863e-09
-5.3952e-10 -7.49666e-09
-5.43767e-10 -7.50466e-09
-5.41673e-10 -7.51311e-09
-5.37403e-10 -7.52172e-09
-5.35024e-10 -7.53019e-09
-5.32274e-10 -7.53869e-09
-5.37339e-10 -7.54663e-09
-5.42183e-10 -7.55459e-09
-5.4863e-10 -7.56243e-09
-5.53428e-10 -7.57038e-09
-5.51424e-10 -7.57883e-09
-5.49993e-10 -7.58724e-09
-5.44289e-10 -7.59595e-09
-5.43012e-10 -7.60435e-09
-5.45502e-10 -7.61247e-09
-5.49484e-10 -7.62049e-09
-5.58106e-10 -7.62816e-09
-5.61136e-10 -7.63624e-09
-5.63153e-10 -7.6444e-09
-5.60604e-10 -7.65289e-09
-5.55125e-10 -7.66159e-09
-5.54132e-10 -7.66997e-09
-5.529e-10 -7.67836e-09
-5.58995e-10 -7.68622e-09
-5.65256e-10 -7.69406e-09
-5.7015e-10 -7.70201e-09
-5.74161e-10 -7.71001e-09
-5.70396e-10 -7.71859e-09
-5.67971e-10 -7.72708e-09
-5.63465e-10 -7.73571e-09
-5.62731e-10 -7.74406e-09
-5.67688e-10 -7.75201e-09
-5.72109e-10 -7.75998e-09
-5.80395e-10 -7.76767e-09
-5.827e-10 -7.7758e-09
-5.82209e-10 -7.78414e-09
-5.79515e-10 -7.79265e-09
-5.73534e-10 -7.80139e-09
-5.73964e-10 -7.80966e-09
-5.74768e-10 -7.81791e-09
-5.81296e-10 -7.82573e-09
-5.88613e-10 -7.83348e-09
-5.91663e-10 -7.84156e-09
-5.94383e-10 -7.84965e-09
-5.89489e-10 -7.85833e-09
-5.86174e-10 -7.86688e-09
-5.83539e-10 -7.87537e-09
-5.83572e-10 -7.88367e-09
-5.90576e-10 -7.89146e-09
-5.95413e-10 -7.89939e-09
-6.02452e-10 -7.90716e-09
-6.04055e-10 -7.91535e-09
-6.01109e-10 -7.92387e-09
-5.98505e-10 -7.93237e-09
-5.92878e-10 -7.9411e-09
-5.9461e-10 -7.94927e-09
-5.97765e-10 -7.95734e-09
-6.04169e-10 -7.96516e-09
-6.11948e-10 -7.97287e-09
-6.13122e-10 -7.98108e-09
-6.14114e-10 -7.98931e-09
-6.08829e-10 -7.99801e-09
-6.04887e-10 -8.00662e-09
-6.04543e-10 -8.01494e-09
-6.05618e-10 -8.02316e-09
-6.13968e-10 -8.03083e-09
-6.19171e-10 -8.03874e-09
-6.24202e-10 -8.04665e-09
-6.25081e-10 -8.05489e-09
-6.20077e-10 -8.06358e-09
-6.17723e-10 -8.07206e-09
-6.13337e-10 -8.0807e-09
-6.16153e-10 -8.08878e-09
-6.21684e-10 -8.09666e-09
-6.27522e-10 -8.10452e-09
-6.34997e-10 -8.11224e-09
-6.34489e-10 -8.12058e-09
-6.33479e-10 -8.12896e-09
-6.28537e-10 -8.13765e-09
-6.24402e-10 -8.14627e-09
-6.26465e-10 -8.15441e-09
-6.28859e-10 -8.16253e-09
-6.3768e-10 -8.17015e-09
-6.43113e-10 -8.17803e-09
-6.45644e-10 -8.18613e-09
-6.45728e-10 -8.19443e-09
-6.3936e-10 -8.20323e-09
-6.37356e-10 -8.21169e-09
-6.35003e-10 -8.22017e-09
-6.3865e-10 -8.22819e-09
-6.46248e-10 -8.2359e-09
-6.51241e-10 -8.24381e-09
-6.57574e-10 -8.25162e-09
-6.55742e-10 -8.26006e-09
-6.52696e-10 -8.26861e-09
