0 0
-1.52413e-14 -8.30285e-12
-4.48115e-14 -1.66057e-11
-3.43136e-14 -2.49086e-11
-1.73889e-14 -3.32115e-11
2.14373e-14 -4.15143e-11
-2.56968e-14 -4.98172e-11
-1.49738e-13 -5.81198e-11
-2.59056e-13 -6.64224e-11
-3.67208e-13 -7.47248e-11
-2.94885e-13 -8.3028e-11
-2.21098e-13 -9.13311e-11
-1.92539e-13 -9.9634e-11
-2.76319e-13 -1.07937e-10
-5.81809e-13 -1.16238e-10
-7.72654e-13 -1.2454e-10
-9.14449e-13 -1.32842e-10
-8.32272e-13 -1.41146e-10
-6.38723e-13 -1.49449e-10
-6.78273e-13 -1.57752e-10
-8.00309e-13 -1.66054e-10
-1.25146e-12 -1.74354e-10
-1.58908e-12 -1.82655e-10
-1.67565e-12 -1.90957e-10
-1.62902e-12 -1.9926e-10
-1.31016e-12 -2.07565e-10
-1.38704e-12 -2.15868e-10
-1.64052e-12 -2.24169e-10
-2.14358e-12 -2.32467e-10
-2.6871e-12 -2.40765e-10
-2.69628e-12 -2.49068e-10
-2.62851e-12 -2.57371e-10
-2.28519e-12 -2.65677e-10
-2.29569e-12 -2.7398e-10
-2.78411e-12 -2.82278e-10
-3.30703e-12 -2.90576e-10
-4.00083e-12 -2.9887e-10
-4.03047e-12 -3.07173e-10
-3.80273e-12 -3.15479e-10
-3.55596e-12 -3.23784e-10
-3.45194e-12 -3.32088e-10
-4.16003e-12 -3.40383e-10
-4.80949e-12 -3.48677e-10
-5.49327e-12 -3.5697e-10
-5.66844e-12 -3.65271e-10
-5.20087e-12 -3.7358e-10
-5.04722e-12 -3.81885e-10
-4.93814e-12 -3.90189e-10
-5.71314e-12 -3.98482e-10
-6.6543e-12 -4.0677e-10
-7.21331e-12 -4.15064e-10
-7.52558e-12 -4.23361e-10
-6.9133e-12 -4.31675e-10
-6.68936e-12 -4.39981e-10
-6.78079e-12 -4.48282e-10
-7.47917e-12 -4.56574e-10
-8.75491e-12 -4.64854e-10
-9.26137e-12 -4.73148e-10
-9.52061e-12 -4.81446e-10
-8.97565e-12 -4.89759e-10
-8.50465e-12 -4.9807e-10
-8.9035e-12 -5.06366e-10
-9.56928e-12 -5.14656e-10
-1.10106e-11 -5.22931e-10
-1.16847e-11 -5.31219e-10
-1.16699e-11 -5.39523e-10
-1.1313e-11 -5.47833e-10
-1.06077e-11 -5.5615e-10
-1.11884e-11 -5.64441e-10
-1.20625e-11 -5.72726e-10
-1.34174e-11 -5.80999e-10
-1.44094e-11 -5.89279e-10
-1.40925e-11 -5.97589e-10
-1.37963e-11 -6.05899e-10
-1.31015e-11 -6.14217e-10
-1.35988e-11 -6.22509e-10
-1.49102e-11 -6.30782e-10
-1.60938e-11 -6.39056e-10
-1.72923e-11 -6.47328e-10
-1.69024e-11 -6.55641e-10
-1.63708e-11 -6.63958e-10
-1.5964e-11 -6.7227e-10
-1.6238e-11 -6.80566e-10
-1.79619e-11 -6.88826e-10
-1.91771e-11 -6.97096e-10
-2.026e-11 -7.05369e-10
-2.00853e-11 -7.13677e-10
-1.91298e-11 -7.22006e-10
-1.9048e-11 -7.30311e-10
-1.92676e-11 -7.38608e-10
-2.11063e-11 -7.4686e-10
-2.26796e-11 -7.55118e-10
-2.33981e-11 -7.63399e-10
-2.34888e-11 -7.71699e-10
-2.22452e-11 -7.80039e-10
-2.2213e-11 -7.88342e-10
-2.27488e-11 -7.9663e-10
-2.43954e-11 -8.04884e-10
-2.64528e-11 -8.13122e-10
-2.68882e-11 -8.21411e-10
-2.69559e-11 -8.29712e-10
-2.58035e-11 -8.38052e-10
-2.54736e-11 -8.46364e-10
-2.65632e-11 -8.54633e-10
-2.80175e-11 -8.6289e-10
-3.0314e-11 -8.71116e-10
-3.08356e-11 -8.79401e-10
-3.04846e-11 -8.87716e-10
-2.97052e-11 -8.96045e-10
-2.90096e-11 -9.04371e-10
-3.05068e-11 -9.12624e-10
-3.21234e-11 -9.20871e-10
-3.42273e-11 -9.29099e-10
-3.51489e-11 -9.37368e-10
-3.42522e-11 -9.45704e-10
-3.37385e-11 -9.54026e-10
-3.30093e-11 -9.62354e-10
-3.44864e-11 -9.70604e-10
-3.66673e-11 -9.78827e-10
-3.83596e-11 -9.87066e-10
-3.96047e-11 -9.9532e-10
-3.8462e-11 -1.00367e-09
-3.77768e-11 -1.012e-09
-3.74821e-11 -1.02031e-09
-3.86295e-11 -1.02857e-09
-4.14262e-11 -1.03676e-09
-4.29376e-11 -1.04501e-09
-4.40524e-11 -1.05326e-09
-4.31437e-11 -1.0616e-09
-4.19172e-11 -1.06996e-09
-4.22271e-11 -1.07825e-09
-4.31849e-11 -1.08651e-09
-4.62014e-11 -1.09469e-09
-4.80269e-11 -1.10291e-09
-4.85721e-11 -1.11119e-09
-4.81033e-11 -1.11952e-09
-4.64121e-11 -1.12789e-09
-4.70086e-11 -1.13617e-09
-4.82887e-11 -1.14442e-09
-5.10194e-11 -1.1526e-09
-5.34465e-11 -1.1608e-09
-5.34212e-11 -1.1691e-09
-5.30879e-11 -1.17742e-09
-5.14394e-11 -1.1858e-09
-5.17863e-11 -1.19408e-09
-5.38167e-11 -1.2023e-09
-5.61301e-11 -1.21049e-09
-5.89204e-11 -1.21866e-09
-5.87989e-11 -1.22697e-09
-5.80274e-11 -1.23531e-09
-5.6921e-11 -1.24367e-09
-5.67778e-11 -1.25198e-09
-5.94796e-11 -1.26015e-09
-6.17818e-11 -1.26835e-09
-6.43373e-11 -1.27652e-09
-6.46449e-11 -1.28481e-09
-6.31221e-11 -1.29319e-09
-6.25735e-11 -1.30152e-09
-6.22721e-11 -1.30983e-09
-6.50914e-11 -1.318e-09
-6.79753e-11 -1.32616e-09
-6.98758e-11 -1.33436e-09
-7.06719e-11 -1.34263e-09
-6.86747e-11 -1.35103e-09
-6.81648e-11 -1.35936e-09
-6.83548e-11 -1.36765e-09
-7.07625e-11 -1.37583e-09
-7.44387e-11 -1.38394e-09
-7.58551e-11 -1.39217e-09
-7.66226e-11 -1.40043e-09
-7.48072e-11 -1.40883e-09
-7.37455e-11 -1.41719e-09
-7.48064e-11 -1.42544e-09
-7.68193e-11 -1.43363e-09
-8.08676e-11 -1.44171e-09
-8.24355e-11 -1.44993e-09
-8.25205e-11 -1.45823e-09
-8.13275e-11 -1.4666e-09
-7.96267e-11 -1.47499e-09
-8.12892e-11 -1.4832e-09
-8.35032e-11 -1.49138e-09
-8.72183e-11 -1.49947e-09
-8.94481e-11 -1.50765e-09
-8.86713e-11 -1.516e-09
-8.78879e-11 -1.52435e-09
-8.61027e-11 -1.53275e-09
-8.76658e-11 -1.54096e-09
-9.07289e-11 -1.54909e-09
-9.3771e-11 -1.55721e-09
-9.65299e-11 -1.56535e-09
-9.53909e-11 -1.57372e-09
-9.43064e-11 -1.58209e-09
-9.31677e-11 -1.59046e-09
-9.415e-11 -1.5987e-09
-9.81396e-11 -1.60676e-09
-1.00882e-10 -1.6149e-09
-1.03457e-10 -1.62304e-09
-1.02703e-10 -1.63139e-09
-1.00756e-10 -1.63982e-09
-1.00498e-10 -1.64813e-09
-1.01128e-10 -1.6564e-09
-1.05432e-10 -1.66443e-09
-1.08644e-10 -1.67253e-09
-1.10372e-10 -1.68072e-09
-1.10293e-10 -1.68903e-09
-1.07625e-10 -1.6975e-09
-1.0774e-10 -1.7058e-09
-1.08799e-10 -1.71403e-09
-1.12653e-10 -1.72209e-09
-1.16775e-10 -1.73012e-09
-1.17667e-10 -1.73836e-09
-1.17786e-10 -1.74666e-09
-1.15166e-10 -1.75513e-09
-1.14848e-10 -1.76346e-09
-1.16971e-10 -1.77162e-09
-1.2018e-10 -1.77971e-09
-1.24862e-10 -1.78769e-09
-1.25632e-10 -1.79594e-09
-1.25097e-10 -1.80428e-09
-1.23244e-10 -1.81271e-09
-1.2215e-10 -1.82108e-09
-1.25217e-10 -1.82918e-09
-1.28378e-10 -1.83726e-09
-1.32749e-10 -1.84526e-09
-1.34162e-10 -1.85346e-09
-1.32533e-10 -1.86188e-09
-1.3144e-10 -1.87026e-09
-1.30064e-10 -1.87866e-09
-1.33269e-10 -1.88673e-09
-1.37247e-10 -1.89475e-09
-1.40702e-10 -1.9028e-09
-1.42836e-10 -1.91095e-09
-1.40527e-10 -1.91942e-09
-1.39431e-10 -1.92781e-09
-1.38702e-10 -1.93616e-09
-1.41289e-10 -1.94427e-09
-1.46396e-10 -1.9522e-09
-1.4918e-10 -1.96029e-09
-1.51293e-10 -1.96844e-09
-1.49237e-10 -1.9769e-09
-1.47305e-10 -1.98534e-09
-1.47747e-10 -1.99361e-09
-1.49738e-10 -2.00177e-09
-1.55395e-10 -2.00964e-09
-1.58403e-10 -2.01771e-09
-1.59582e-10 -2.02592e-09
-1.58375e-10 -2.03432e-09
-1.55503e-10 -2.04284e-09
-1.56728e-10 -2.05105e-09
-1.58956e-10 -2.05918e-09
-1.64183e-10 -2.06707e-09
-1.68131e-10 -2.07506e-09
-1.68136e-10 -2.08336e-09
-1.67459e-10 -2.09172e-09
-1.64424e-10 -2.10026e-09
-1.6546e-10 -2.10848e-09
-1.68825e-10 -2.11652e-09
-1.73146e-10 -2.12448e-09
-1.77862e-10 -2.13239e-09
-1.77383e-10 -2.14073e-09
-1.76253e-10 -2.14913e-09
-1.74047e-10 -2.15761e-09
-1.74239e-10 -2.1659e-09
-1.7886e-10 -2.17382e-09
-1.82775e-10 -2.1818e-09
-1.87294e-10 -2.18972e-09
-1.87342e-10 -2.19802e-09
-1.85006e-10 -2.20652e-09
-1.83927e-10 -2.21492e-09
-1.83588e-10 -2.22325e-09
-1.88646e-10 -2.23113e-09
-1.93196e-10 -2.23904e-09
-1.96622e-10 -2.24705e-09
-1.9758e-10 -2.25527e-09
-1.94245e-10 -2.26386e-09
-1.93593e-10 -2.27222e-09
-1.93773e-10 -2.2805e-09
-1.98242e-10 -2.28842e-09
-2.04036e-10 -2.29622e-09
-2.06379e-10 -2.30431e-09
-2.07599e-10 -2.31251e-09
-2.04293e-10 -2.3211e-09
-2.02993e-10 -2.32952e-09
-2.04539e-10 -2.33769e-09
-2.08148e-10 -2.34567e-09
-2.14744e-10 -2.35338e-09
-2.16944e-10 -2.36148e-09
-2.17297e-10 -2.36975e-09
-2.14955e-10 -2.37827e-09
-2.12566e-10 -2.38679e-09
-2.15322e-10 -2.39484e-09
-2.18849e-10 -2.40282e-09
-2.2511e-10 -2.41055e-09
-2.28175e-10 -2.41857e-09
-2.2709e-10 -2.42697e-09
-2.25679e-10 -2.43541e-09
-2.22857e-10 -2.44397e-09
-2.25771e-10 -2.452e-09
-2.30355e-10 -2.45988e-09
-2.35477e-10 -2.4677e-09
-2.39519e-10 -2.47561e-09
-2.37541e-10 -2.48411e-09
-2.36053e-10 -2.49255e-09
-2.34004e-10 -2.50105e-09
-2.36092e-10 -2.50915e-09
-2.42164e-10 -2.51688e-09
-2.46444e-10 -2.52477e-09
-2.50509e-10 -2.53267e-09
-2.48839e-10 -2.54114e-09
-2.46203e-10 -2.5497e-09
-2.45596e-10 -2.55806e-09
-2.46879e-10 -2.56624e-09
-2.53715e-10 -2.57387e-09
-2.58302e-10 -2.58172e-09
-2.61211e-10 -2.58973e-09
-2.60605e-10 -2.5981e-09
-2.567e-10 -2.60679e-09
-2.57029e-10 -2.61506e-09
-2.58571e-10 -2.62321e-09
-2.64919e-10 -2.63088e-09
-2.70748e-10 -2.63859e-09
-2.72186e-10 -2.64675e-09
-2.72221e-10 -2.65505e-09
-2.68047e-10 -2.66377e-09
-2.6807e-10 -2.67207e-09
-2.71029e-10 -2.68008e-09
-2.76262e-10 -2.68784e-09
-2.83141e-10 -2.69543e-09
-2.83976e-10 -2.70365e-09
-2.83399e-10 -2.71201e-09
-2.80204e-10 -2.72065e-09
-2.79094e-10 -2.72906e-09
-2.83639e-10 -2.7369e-09
-2.8837e-10 -2.74471e-09
-2.95092e-10 -2.7523e-09
-2.96601e-10 -2.76044e-09
-2.94464e-10 -2.76897e-09
-2.92605e-10 -2.77747e-09
-2.9076e-10 -2.78597e-09
-2.95876e-10 -2.79373e-09
-3.01417e-10 -2.80144e-09
-3.06843e-10 -2.80916e-09
-3.09509e-10 -2.81717e-09
-3.0608e-10 -2.82585e-09
-3.04664e-10 -2.8343e-09
-3.03403e-10 -2.84274e-09
-3.07801e-10 -2.85057e-09
-3.14942e-10 -2.85809e-09
-3.19061e-10 -2.86594e-09
-3.22076e-10 -2.87391e-09
-3.18639e-10 -2.88259e-09
-3.16325e-10 -2.89115e-09
-3.16705e-10 -2.89941e-09
-3.2003e-10 -2.90735e-09
-3.28259e-10 -2.91473e-09
-3.32225e-10 -2.92259e-09
-3.34186e-10 -2.93067e-09
-3.31887e-10 -2.93923e-09
-3.28139e-10 -2.94796e-09
-3.2997e-10 -2.95605e-09
-3.33174e-10 -2.964e-09
-3.41091e-10 -2.9714e-09
-3.46165e-10 -2.97912e-09
-3.46355e-10 -2.9874e-09
-3.45136e-10 -2.99584e-09
-3.40772e-10 -3.00465e-09
-3.42762e-10 -3.01272e-09
-3.47259e-10 -3.02051e-09
-3.53852e-10 -3.02805e-09
-3.60194e-10 -3.0356e-09
-3.5928e-10 -3.04402e-09
-3.57889e-10 -3.05248e-09
-3.54391e-10 -3.06119e-09
-3.55327e-10 -3.06939e-09
-3.61679e-10 -3.07695e-09
-3.67279e-10 -3.08459e-09
-3.73736e-10 -3.09212e-09
-3.73184e-10 -3.10049e-09
-3.7031e-10 -3.10914e-09
-3.68487e-10 -3.11765e-09
-3.68389e-10 -3.12597e-09
-3.75742e-10 -3.13339e-09
-3.81744e-10 -3.14097e-09
-3.8687e-10 -3.14865e-09
-3.87596e-10 -3.15687e-09
-3.83103e-10 -3.16572e-09
-3.82327e-10 -3.17411e-09
-3.82489e-10 -3.18239e-09
-3.89321e-10 -3.18987e-09
-3.96889e-10 -3.19724e-09
-4.00276e-10 -3.20512e-09
-4.01763e-10 -3.21324e-09
-3.9687e-10 -3.22215e-09
-3.95632e-10 -3.23061e-09
-3.97469e-10 -3.23868e-09
-4.02993e-10 -3.2463e-09
-4.11937e-10 -3.25348e-09
-4.14617e-10 -3.26145e-09
-4.15343e-10 -3.26966e-09
-4.11551e-10 -3.27844e-09
-4.08856e-10 -3.28708e-09
-4.12593e-10 -3.29492e-09
-4.1752e-10 -3.3026e-09
-4.26405e-10 -3.30977e-09
-4.29918e-10 -3.31762e-09
-4.28738e-10 -3.32607e-09
-4.26457e-10 -3.33467e-09
-4.22791e-10 -3.34344e-09
-4.27222e-10 -3.35118e-09
-4.33135e-10 -3.35872e-09
-4.40571e-10 -3.36606e-09
-4.45514e-10 -3.37371e-09
-4.42746e-10 -3.38238e-09
-4.4089e-10 -3.39093e-09
-4.37838e-10 -3.39962e-09
-4.41414e-10 -3.40746e-09
-4.49301e-10 -3.41473e-09
-4.55233e-10 -3.42225e-09
-4.60654e-10 -3.42983e-09
-4.5783e-10 -3.43851e-09
-4.54793e-10 -3.44722e-09
-4.53621e-10 -3.45568e-09
-4.55899e-10 -3.46368e-09
-4.6519e-10 -3.47075e-09
-4.70977e-10 -3.47827e-09
-4.75197e-10 -3.486e-09
-4.73675e-10 -3.49451e-09
-4.68828e-10 -3.50347e-09
-4.69311e-10 -3.5117e-09
-4.71412e-10 -3.51972e-09
-4.80454e-10 -3.5268e-09
-4.87613e-10 -3.53413e-09
-4.89762e-10 -3.54214e-09
-4.8946e-10 -3.55048e-09
-4.83785e-10 -3.55956e-09
-4.84387e-10 -3.56778e-09
-4.88003e-10 -3.57559e-09
-4.95567e-10 -3.58285e-09
-5.04328e-10 -3.58993e-09
-5.05174e-10 -3.59812e-09
-5.04601e-10 -3.60651e-09
-4.99851e-10 -3.61547e-09
-4.99136e-10 -3.62387e-09
-5.04967e-10 -3.63136e-09
-5.11402e-10 -3.63876e-09
-5.20431e-10 -3.64579e-09
-5.21699e-10 -3.65391e-09
-5.19305e-10 -3.66256e-09
-5.1642e-10 -3.67127e-09
-5.14411e-10 -3.67985e-09
-5.21481e-10 -3.68716e-09
-5.28421e-10 -3.69447e-09
-5.36e-10 -3.70169e-09
-5.38776e-10 -3.70959e-09
-5.34402e-10 -3.71853e-09
-5.32632e-10 -3.72708e-09
-5.30853e-10 -3.73564e-09
-5.37373e-10 -3.74301e-09
-5.46224e-10 -3.75003e-09
-5.51832e-10 -3.75751e-09
-5.55518e-10 -3.76527e-09
-5.50595e-10 -3.7743e-09
-5.48164e-10 -3.78296e-09
-5.48285e-10 -3.79124e-09
-5.53307e-10 -3.79881e-09
-5.63899e-10 -3.80556e-09
-5.68716e-10 -3.81315e-09
-5.71524e-10 -3.82103e-09
-5.67802e-10 -3.82989e-09
-5.63552e-10 -3.83882e-09
-5.65854e-10 -3.84678e-09
-5.70179e-10 -3.85445e-09
-5.80861e-10 -3.86115e-09
-5.86689e-10 -3.86858e-09
-5.87271e-10 -3.8768e-09
-5.85212e-10 -3.88541e-09
-5.79719e-10 -3.89454e-09
-5.82805e-10 -3.90238e-09
-5.88285e-10 -3.90986e-09
-5.97411e-10 -3.91678e-09
-6.04981e-10 -3.92392e-09
-6.0369e-10 -3.93242e-09
-6.02016e-10 -3.94098e-09
-5.97129e-10 -3.95003e-09
-5.99196e-10 -3.95802e-09
-6.07021e-10 -3.96513e-09
-6.14477e-10 -3.97228e-09
-6.22709e-10 -3.97931e-09
-6.21316e-10 -3.98783e-09
-6.18158e-10 -3.99662e-09
-6.15344e-10 -4.00536e-09
-6.15863e-10 -4.01358e-09
-6.25423e-10 -4.0204e-09
-6.32757e-10 -4.02756e-09
-6.397e-10 -4.03477e-09
-6.39777e-10 -4.04306e-09
-6.34411e-10 -4.05221e-09
-6.33406e-10 -4.06067e-09
-6.33665e-10 -4.06893e-09
-6.43064e-10 -4.07576e-09
-6.52054e-10 -4.08263e-09
-6.56669e-10 -4.0902e-09
-6.58117e-10 -4.09827e-09
-6.51686e-10 -4.1076e-09
-6.50714e-10 -4.11606e-09
-6.52681e-10 -4.12405e-09
-6.60466e-10 -4.13111e-09
-6.71436e-10 -4.13764e-09
-6.74572e-10 -4.14544e-09
-6.75667e-10 -4.15357e-09
-6.70188e-10 -4.16276e-09
-6.67594e-10 -4.17147e-09
-6.7211e-10 -4.17905e-09
-6.78637e-10 -4.1863e-09
-6.90088e-10 -4.19273e-09
-6.93723e-10 -4.20044e-09
-6.92672e-10 -4.20892e-09
-6.89214e-10 -4.21779e-09
-6.85027e-10 -4.22677e-09
-6.90999e-10 -4.2341e-09
-6.98134e-10 -4.24123e-09
-7.08077e-10 -4.24789e-09
-7.13479e-10 -4.25529e-09
-7.10092e-10 -4.26416e-09
-7.07777e-10 -4.27285e-09
-7.0375e-10 -4.28181e-09
-7.0913e-10 -4.28923e-09
-7.18527e-10 -4.29596e-09
-7.2631e-10 -4.30296e-09
-7.32816e-10 -4.31016e-09
-7.28728e-10 -4.31916e-09
-7.25515e-10 -4.328e-09
-7.23569e-10 -4.33663e-09
-7.27244e-10 -4.34432e-09
-7.38775e-10 -4.35067e-09
-7.45705e-10 -4.3578e-09
-7.51272e-10 -4.36515e-09
-7.48475e-10 -4.37393e-09
-7.43048e-10 -4.38316e-09
-7.43513e-10 -4.39138e-09
-7.46374e-10 -4.3992e-09
-7.58183e-10 -4.40548e-09
-7.66325e-10 -4.41238e-09
-7.69388e-10 -4.42015e-09
-7.684e-10 -4.42863e-09
-7.61425e-10 -4.43813e-09
-7.62718e-10 -4.44621e-09
-7.6688e-10 -4.4538e-09
-7.77066e-10 -4.46033e-09
-7.87302e-10 -4.46685e-09
-7.88232e-10 -4.47499e-09
-7.87585e-10 -4.4834e-09
-7.81172e-10 -4.49283e-09
-7.81237e-10 -4.50112e-09
-7.88101e-10 -4.50822e-09
-7.96472e-10 -4.51505e-09
-8.0762e-10 -4.52138e-09
-8.08414e-10 -4.52954e-09
-8.05977e-10 -4.53828e-09
-8.01785e-10 -4.54733e-09
-8.00015e-10 -4.55594e-09
-8.08939e-10 -4.56266e-09
-8.17219e-10 -4.56949e-09
-8.2706e-10 -4.57603e-09
-8.29508e-10 -4.58389e-09
-8.2446e-10 -4.5931e-09
-8.22179e-10 -4.60182e-09
-8.20031e-10 -4.6105e-09
-8.2888e-10 -4.61722e-09
-8.39116e-10 -4.62367e-09
-8.46423e-10 -4.63065e-09
-8.50427e-10 -4.63822e-09
-8.44062e-10 -4.64768e-09
-8.41676e-10 -4.65642e-09
-8.41389e-10 -4.66477e-09
-8.48489e-10 -4.67179e-09
-8.61119e-10 -4.67778e-09
-8.66802e-10 -4.68504e-09
-8.7041e-10 -4.69267e-09
-8.65006e-10 -4.70198e-09
-8.60647e-10 -4.71108e-09
-8.63199e-10 -4.71891e-09
-8.68905e-10 -4.72616e-09
-8.82284e-10 -4.73199e-09
-8.88566e-10 -4.73912e-09
-8.89741e-10 -4.74721e-09
-8.86489e-10 -4.75612e-09
-8.80197e-10 -4.76559e-09
-8.8438e-10 -4.77311e-09
-8.90787e-10 -4.78022e-09
-9.02655e-10 -4.7863e-09
-9.11e-10 -4.79303e-09
-9.09505e-10 -4.80162e-09
-9.07398e-10 -4.81032e-09
-9.01156e-10 -4.81979e-09
-9.04667e-10 -4.82743e-09
-9.13682e-10 -4.83404e-09
-9.23241e-10 -4.84053e-09
-9.32943e-10 -4.84697e-09
-9.30601e-10 -4.85573e-09
-9.27338e-10 -4.86466e-09
-9.23308e-10 -4.87372e-09
-9.24877e-10 -4.88173e-09
-9.36425e-10 -4.88783e-09
-9.4509e-10 -4.89446e-09
-9.53862e-10 -4.90107e-09
-9.52907e-10 -4.90956e-09
-9.47011e-10 -4.919e-09
-9.45567e-10 -4.92758e-09
-9.46172e-10 -4.93577e-09
-9.58209e-10 -4.94175e-09
-9.68308e-10 -4.94808e-09
-9.74356e-10 -4.9552e-09
-9.75368e-10 -4.96331e-09
-9.67596e-10 -4.97313e-09
-9.66963e-10 -4.98156e-09
-9.68983e-10 -4.98946e-09
-9.79348e-10 -4.99574e-09
-9.91934e-10 -5.00156e-09
-9.95625e-10 -5.00914e-09
-9.96956e-10 -5.01718e-09
-9.8967e-10 -5.02692e-09
-9.87548e-10 -5.03564e-09
-9.92592e-10 -5.04295e-09
-1.00101e-09 -5.04959e-09
-1.01482e-09 -5.05514e-09
-1.01836e-09 -5.06273e-09
-1.01762e-09 -5.07118e-09
-1.01266e-09 -5.08048e-09
-1.00837e-09 -5.08963e-09
-1.01577e-09 -5.09646e-09
-1.02413e-09 -5.10309e-09
-1.03669e-09 -5.10886e-09
-1.0421e-09 -5.11607e-09
-1.03835e-09 -5.12513e-09
-1.03537e-09 -5.13404e-09
-1.03054e-09 -5.14331e-09
-1.03792e-09 -5.15013e-09
-1.04854e-09 -5.15628e-09
-1.05841e-09 -5.16257e-09
-1.06561e-09 -5.16939e-09
-1.0603e-09 -5.17879e-09
-1.05703e-09 -5.18776e-09
-1.05416e-09 -5.19664e-09
-1.05965e-09 -5.20383e-09
-1.07309e-09 -5.20938e-09
-1.08123e-09 -5.216e-09
-1.08805e-09 -5.22289e-09
-1.0837e-09 -5.2321e-09
-1.07807e-09 -5.24156e-09
-1.07827e-09 -5.24982e-09
-1.08221e-09 -5.25731e-09
-1.09671e-09 -5.26261e-09
-1.10557e-09 -5.26906e-09
-1.10973e-09 -5.27649e-09
-1.10765e-09 -5.28523e-09
-1.09971e-09 -5.29519e-09
-1.10166e-09 -5.30309e-09
-1.10637e-09 -5.31041e-09
-1.1194e-09 -5.31598e-09
-1.13066e-09 -5.32191e-09
-1.13185e-09 -5.32996e-09
-1.13092e-09 -5.33846e-09
-1.12288e-09 -5.34846e-09
-1.12403e-09 -5.35652e-09
-1.13166e-09 -5.36321e-09
-1.14226e-09 -5.36927e-09
-1.1552e-09 -5.37481e-09
-1.15542e-09 -5.38306e-09
-1.15308e-09 -5.39187e-09
-1.14733e-09 -5.4014e-09
-1.14625e-09 -5.40993e-09
-1.1568e-09 -5.41598e-09
-1.16648e-09 -5.42221e-09
-1.17858e-09 -5.4279e-09
-1.1803e-09 -5.43583e-09
-1.1749e-09 -5.44531e-09
-1.17186e-09 -5.45426e-09
-1.16962e-09 -5.46304e-09
-1.18087e-09 -5.46892e-09
-1.19222e-09 -5.47477e-09
-1.20144e-09 -5.48106e-09
-1.20532e-09 -5.48851e-09
-1.1977e-09 -5.49848e-09
-1.19539e-09 -5.50728e-09
-1.19465e-09 -5.51575e-09
-1.20417e-09 -5.52198e-09
-1.21843e-09 -5.52715e-09
-1.22511e-09 -5.53398e-09
-1.22934e-09 -5.54135e-09
-1.22211e-09 -5.55125e-09
-1.218e-09 -5.56046e-09
-1.22055e-09 -5.5682e-09
-1.22798e-09 -5.57487e-09
-1.24384e-09 -5.57966e-09
-1.25039e-09 -5.5865e-09
-1.2523e-09 -5.59438e-09
-1.24749e-09 -5.60375e-09
-1.24083e-09 -5.61353e-09
-1.24597e-09 -5.62069e-09
-1.25337e-09 -5.62735e-09
-1.26809e-09 -5.63236e-09
-1.27675e-09 -5.63871e-09
-1.27531e-09 -5.64734e-09
-1.2725e-09 -5.65628e-09
-1.26509e-09 -5.66624e-09
-1.27024e-09 -5.67339e-09
-1.28019e-09 -5.67945e-09
-1.29212e-09 -5.68505e-09
-1.30287e-09 -5.69091e-09
-1.29962e-09 -5.69996e-09
-1.29632e-09 -5.70901e-09
-1.29092e-09 -5.71853e-09
-1.29398e-09 -5.72614e-09
-1.30719e-09 -5.73145e-09
-1.3173e-09 -5.73743e-09
-1.32778e-09 -5.74333e-09
-1.3255e-09 -5.75216e-09
-1.31942e-09 -5.76186e-09
-1.31727e-09 -5.77065e-09
-1.31858e-09 -5.77865e-09
-1.33317e-09 -5.78361e-09
-1.34416e-09 -5.78937e-09
-1.35181e-09 -5.79589e-09
-1.35194e-09 -5.80417e-09
-1.34315e-09 -5.81451e-09
-1.34279e-09 -5.82289e-09
-1.34491e-09 -5.83071e-09
-1.35809e-09 -5.83595e-09
-1.37185e-09 -5.84104e-09
-1.37629e-09 -5.8483e-09
-1.37759e-09 -5.8563e-09
-1.36852e-09 -5.86673e-09
-1.36716e-09 -5.87535e-09
-1.37248e-09 -5.88241e-09
-1.38314e-09 -5.88821e-09
-1.39896e-09 -5.89278e-09
-1.40233e-09 -5.90029e-09
-1.40198e-09 -5.90868e-09
-1.39525e-09 -5.91857e-09
-1.39132e-09 -5.92779e-09
-1.39991e-09 -5.93407e-09
-1.40962e-09 -5.94008e-09
-1.42477e-09 -5.94477e-09
-1.42979e-09 -5.95187e-09
-1.42598e-09 -5.96109e-09
-1.42203e-09 -5.97034e-09
-1.4167e-09 -5.9799e-09
-1.42616e-09 -5.98595e-09
-1.43777e-09 -5.99148e-09
-1.44996e-09 -5.99685e-09
-1.45738e-09 -6.00336e-09
-1.45103e-09 -6.0132e-09
-1.44768e-09 -6.02231e-09
-1.44386e-09 -6.03152e-09
-1.45151e-09 -6.03799e-09
-1.46648e-09 -6.04267e-09
-1.476e-09 -6.04866e-09
-1.48385e-09 -6.05505e-09
-1.47779e-09 -6.06483e-09
-1.47227e-09 -6.07448e-09
-1.47196e-09 -6.08285e-09
-1.47737e-09 -6.08984e-09
-1.49433e-09 -6.09401e-09
-1.50376e-09 -6.09999e-09
-1.50913e-09 -6.10697e-09
-1.50556e-09 -6.11616e-09
-1.49707e-09 -6.12654e-09
-1.49953e-09 -6.13424e-09
-1.5049e-09 -6.14123e-09
-1.52088e-09 -6.14559e-09
-1.53272e-09 -6.15096e-09
-1.53443e-09 -6.15884e-09
-1.53289e-09 -6.16753e-09
-1.5234e-09 -6.17818e-09
-1.52581e-09 -6.18588e-09
-1.534e-09 -6.19216e-09
-1.54714e-09 -6.19719e-09
-1.56142e-09 -6.20192e-09
-1.56112e-09 -6.2103e-09
-1.55888e-09 -6.21917e-09
-1.55141e-09 -6.22934e-09
-1.55148e-09 -6.23762e-09
-1.56334e-09 -6.24296e-09
-1.5746e-09 -6.24843e-09
-1.58879e-09 -6.25315e-09
-1.58949e-09 -6.26128e-09
-1.58405e-09 -6.27096e-09
-1.57994e-09 -6.2803e-09
-1.57803e-09 -6.28908e-09
-1.59157e-09 -6.29396e-09
-1.60387e-09 -6.29915e-09
-1.61517e-09 -6.30457e-09
-1.61844e-09 -6.31203e-09
-1.60989e-09 -6.32252e-09
-1.60755e-09 -6.33142e-09
-1.60642e-09 -6.34001e-09
-1.61862e-09 -6.34521e-09
-1.63409e-09 -6.34954e-09
-1.64198e-09 -6.35581e-09
-1.6465e-09 -6.36295e-09
-1.63747e-09 -6.37359e-09
-1.63386e-09 -6.38281e-09
-1.63617e-09 -6.39052e-09
-1.64573e-09 -6.39637e-09
-1.6637e-09 -6.40002e-09
-1.67046e-09 -6.40657e-09
-1.67316e-09 -6.41417e-09
-1.66649e-09 -6.42421e-09
-1.65991e-09 -6.43421e-09
-1.66577e-09 -6.441e-09
-1.67436e-09 -6.44707e-09
-1.69189e-09 -6.4508e-09
-1.70048e-09 -6.45685e-09
-1.69936e-09 -6.46545e-09
-1.6955e-09 -6.47477e-09
-1.68724e-09 -6.48522e-09
-1.69408e-09 -6.49174e-09
-1.7048e-09 -6.49724e-09
-1.71935e-09 -6.50171e-09
-1.73064e-09 -6.50702e-09
-1.72667e-09 -6.51638e-09
-1.72325e-09 -6.52559e-09
-1.71647e-09 -6.53567e-09
-1.72138e-09 -6.54268e-09
-1.73589e-09 -6.54715e-09
-1.74767e-09 -6.55232e-09
-1.75958e-09 -6.55744e-09
-1.7558e-09 -6.56676e-09
-1.74983e-09 -6.57666e-09
-1.74669e-09 -6.58579e-09
-1.74916e-09 -6.59343e-09
-1.76607e-09 -6.59723e-09
-1.77784e-09 -6.60237e-09
-1.78719e-09 -6.60816e-09
-1.786e-09 -6.61678e-09
-1.77661e-09 -6.62761e-09
-1.77633e-09 -6.63599e-09
-1.77871e-09 -6.64365e-09
-1.79483e-09 -6.64762e-09
-1.80933e-09 -6.65199e-09
-1.81477e-09 -6.65882e-09
-1.81566e-09 -6.66688e-09
-1.805e-09 -6.67808e-09
-1.80455e-09 -6.6865e-09
-1.80997e-09 -6.69333e-09
-1.8232e-09 -6.69804e-09
-1.84058e-09 -6.7016e-09
-1.84384e-09 -6.70901e-09
-1.84385e-09 -6.71731e-09
-1.83516e-09 -6.72799e-09
-1.83205e-09 -6.73714e-09
-1.84151e-09 -6.74286e-09
-1.85282e-09 -6.74806e-09
-1.87038e-09 -6.75153e-09
-1.8747e-09 -6.75863e-09
-1.87113e-09 -6.76793e-09
-1.86585e-09 -6.77769e-09
-1.86047e-09 -6.78747e-09
-1.87188e-09 -6.79263e-09
-1.88439e-09 -6.79747e-09
-1.89905e-09 -6.8017e-09
-1.90617e-09 -6.80801e-09
-1.89909e-09 -6.8183e-09
-1.8955e-09 -6.8276e-09
-1.89084e-09 -6.83719e-09
-1.90093e-09 -6.84269e-09
-1.91702e-09 -6.84651e-09
-1.92815e-09 -6.85168e-09
-1.93666e-09 -6.85759e-09
-1.9289e-09 -6.86808e-09
-1.92372e-09 -6.87784e-09
-1.92266e-09 -6.88643e-09
-1.92998e-09 -6.89269e-09
-1.94904e-09 -6.89563e-09
-1.95902e-09 -6.9011e-09
-1.96561e-09 -6.90754e-09
-1.96022e-09 -6.91738e-09
-1.95164e-09 -6.9281e-09
-1.95433e-09 -6.93564e-09
-1.96062e-09 -6.94217e-09
-1.97952e-09 -6.94511e-09
-1.99155e-09 -6.94997e-09
-1.99404e-09 -6.95757e-09
-1.99148e-09 -6.96661e-09
-1.98089e-09 -6.97792e-09
-1.98459e-09 -6.98517e-09
-1.99321e-09 -6.99102e-09
-2.00916e-09 -6.99476e-09
-2.02426e-09 -6.99871e-09
-2.02362e-09 -7.0072e-09
-2.02135e-09 -7.01616e-09
-2.01214e-09 -7.02711e-09
-2.01373e-09 -7.03495e-09
-2.02654e-09 -7.03957e-09
-2.03966e-09 -7.04409e-09
-2.05564e-09 -7.04775e-09
-2.05514e-09 -7.0562e-09
-2.04993e-09 -7.06602e-09
-2.04444e-09 -7.07591e-09
-2.04333e-09 -7.08453e-09
-2.05893e-09 -7.08832e-09
-2.07213e-09 -7.09277e-09
-2.08557e-09 -7.09714e-09
-2.08777e-09 -7.1048e-09
-2.07869e-09 -7.11577e-09
-2.07608e-09 -7.12483e-09
-2.07479e-09 -7.1335e-09
-2.08978e-09 -7.13743e-09
-2.10606e-09 -7.14095e-09
-2.11543e-09 -7.14649e-09
-2.11981e-09 -7.1535e-09
-2.10915e-09 -7.16495e-09
-2.10617e-09 -7.17413e-09
-2.10808e-09 -7.18186e-09
-2.12015e-09 -7.18661e-09
-2.13977e-09 -7.1891e-09
-2.14684e-09 -7.1953e-09
-2.15022e-09 -7.2026e-09
-2.14148e-09 -7.21351e-09
-2.13545e-09 -7.22359e-09
-2.1417e-09 -7.23004e-09
-2.15178e-09 -7.23535e-09
-2.17193e-09 -7.23763e-09
-2.18016e-09 -7.24347e-09
-2.17963e-09 -7.25193e-09
-2.17431e-09 -7.26183e-09
-2.16567e-09 -7.27271e-09
-2.17408e-09 -7.2785e-09
-2.18551e-09 -7.28338e-09
-2.20285e-09 -7.28646e-09
-2.21415e-09 -7.29135e-09
-2.20974e-09 -7.30099e-09
-2.20601e-09 -7.31042e-09
-2.19795e-09 -7.32115e-09
-2.205e-09 -7.32732e-09
-2.22042e-09 -7.33097e-09
-2.23415e-09 -7.3351e-09
-2.24708e-09 -7.33946e-09
-2.24181e-09 -7.34938e-09
-2.23613e-09 -7.35941e-09
-2.23177e-09 -7.36904e-09
-2.23587e-09 -7.37609e-09
-2.25472e-09 -7.37865e-09
-2.26732e-09 -7.3831e-09
-2.27833e-09 -7.38802e-09
-2.27545e-09 -7.39721e-09
-2.2659e-09 -7.40844e-09
-2.26541e-09 -7.41689e-09
-2.26838e-09 -7.42428e-09
-2.28738e-09 -7.42676e-09
-2.30229e-09 -7.43046e-09
-2.30898e-09 -7.43669e-09
-2.30899e-09 -7.44499e-09
-2.29707e-09 -7.45698e-09
-2.29753e-09 -7.46514e-09
-2.30298e-09 -7.47176e-09
-2.31909e-09 -7.47508e-09
-2.33748e-09 -7.47765e-09
-2.34083e-09 -7.48491e-09
-2.341e-09 -7.49317e-09
-2.33033e-09 -7.50479e-09
-2.32842e-09 -7.51368e-09
-2.33841e-09 -7.51888e-09
-2.35164e-09 -7.52306e-09
-2.37127e-09 -7.5252e-09
-2.37473e-09 -7.53242e-09
-2.3716e-09 -7.54171e-09
-2.36467e-09 -7.55219e-09
-2.35974e-09 -7.56203e-09
-2.37287e-09 -7.56622e-09
-2.38628e-09 -7.5703e-09
-2.40348e-09 -7.57317e-09
-2.40981e-09 -7.57946e-09
-2.40238e-09 -7.59013e-09
-2.39827e-09 -7.59973e-09
-2.39302e-09 -7.60968e-09
-2.40567e-09 -7.61399e-09
-2.42252e-09 -7.61695e-09
-2.43555e-09 -7.62111e-09
-2.44423e-09 -7.62663e-09
-2.43494e-09 -7.63791e-09
-2.43019e-09 -7.64772e-09
-2.42824e-09 -7.65664e-09
-2.43789e-09 -7.66187e-09
-2.45858e-09 -7.66357e-09
-2.46924e-09 -7.66845e-09
-2.4769e-09 -7.67428e-09
-2.46944e-09 -7.68499e-09
-2.46123e-09 -7.69593e-09
-2.46382e-09 -7.7034e-09
-2.4714e-09 -7.70927e-09
-2.49301e-09 -7.71061e-09
-2.50497e-09 -7.71504e-09
-2.50846e-09 -7.72222e-09
-2.50445e-09 -7.73183e-09
-2.49321e-09 -7.74375e-09
-2.49807e-09 -7.75049e-09
-2.50713e-09 -7.75586e-09
-2.52606e-09 -7.75802e-09
-2.54144e-09 -7.76131e-09
