0 0
0.000325502 5.09623e-06
-4.89197e-05 0.000106963
-0.000202698 -0.000176592
-5.18499e-05 8.08474e-05
-0.000389408 -0.000126249
0.00016356 7.88778e-07
1.31723e-06 0.000102513
0.000206404 -7.8278e-05
0.000316184 0.000187043
-0.00014453 -9.07852e-05
0.000113395 8.207e-06
-0.000357265 -3.49943e-06
-0.000152383 -0.000159538
-9.46488e-06 0.000123471
-9.89217e-05 -0.000109135
0.000413368 0.000118205
2.29763e-05 6.3799e-05
0.000193096 -6.72998e-05
-1.41654e-05 0.000123965
-0.000331107 -0.000183541
-3.05184e-06 4.48725e-05
-0.000336441 -5.49829e-05
0.000169114 -4.8253e-05
0.00014495 0.000162365
0.000112907 -9.12439e-05
0.000341116 0.000150986
-0.000220384 -5.1324e-05
1.64542e-05 -6.95113e-05
-0.000285998 4.86225e-05
-0.000215632 -0.00017925
0.000136813 0.000131582
-8.19358e-05 -5.28139e-05
0.000413369 5.8007e-05
6.73931e-05 0.000120012
3.31046e-05 -0.000121987
1.67929e-05 0.000113523
-0.000412923 -0.000158496
2.25924e-05 -5.93865e-06
-0.000229196 2.43713e-05
0.00014206 -8.65083e-05
0.000278914 0.000192536
2.26272e-05 -7.75838e-05
0.000310863 8.69692e-05
-0.000250618 -1.71472e-06
-0.000100863 -0.000137116
-0.000181437 8.50843e-05
-0.000254045 -0.000167056
0.00025242 0.000111647
-3.08134e-05 1.92307e-05
0.000350789 -8.17572e-06
0.000119651 0.000155509
-0.000127774 -0.000149553
3.09128e-05 7.65864e-05
-0.000434954 -0.000107334
2.20699e-05 -6.08968e-05
-8.23652e-05 9.71753e-05
9.54581e-05 -0.000103709
0.000378186 0.000187185
-4.66339e-05 -4.09044e-05
0.0002258 7.37103e-06
-0.00023727 4.58402e-05
-0.000219018 -0.00018216
-6.36448e-05 9.87924e-05
-0.000253949 -0.000123648
0.000320221 6.93088e-05
4.96205e-05 9.28873e-05
0.000239398 -6.58526e-05
0.000162615 0.00016145
-0.000263803 -0.000146632
2.01246e-05 1.96686e-05
-0.000393741 -4.04597e-05
-6.13551e-07 -0.00010787
8.15671e-05 0.000149905
4.61338e-05 -9.41333e-05
0.000422836 0.000147788
-8.43276e-05 9.54269e-06
9.70786e-05 -7.26619e-05
-0.000190257 8.01433e-05
-0.000316761 -0.00019633
4.65479e-05 8.75275e-05
-0.000207852 -5.58122e-05
0.000332562 1.51442e-05
0.000145829 0.000152919
0.000101242 -0.000103126
0.000180132 0.000135264
-0.000354775 -0.000116111
-1.69242e-05 -4.65276e-05
-0.00029608 2.91488e-05
-3.52739e-05 -0.00013566
0.00023599 0.000172917
1.02925e-05 -5.82786e-05
0.000402539 8.28377e-05
-8.89375e-05 6.12116e-05
-5.55361e-05 -0.000138387
-0.000124542 9.32614e-05
-0.000374938 -0.000176868
0.000131288 5.44296e-05
-0.000116894 2.45074e-05
0.000292695 -3.76484e-05
0.000238124 0.000186398
-3.82939e-05 -0.000113326
0.000161201 8.11051e-05
-0.00038914 -6.60881e-05
-7.45576e-05 -0.000109175
-0.000157942 8.83129e-05
-6.77744e-05 -0.000136411
0.000355029 0.000162585
-8.12042e-07 -3.0772e-06
0.000319 5.86022e-06
-6.73748e-05 0.000101318
-0.000207476 -0.000178302
-5.67248e-05 8.19883e-05
-0.000380008 -0.000127061
0.000178957 7.50148e-06
8.22383e-06 0.000102315
0.000213802 -7.63283e-05
0.000305068 0.000185711
-0.00015583 -9.62534e-05
0.000102751 8.81897e-06
-0.000365352 -7.94557e-06
-0.000141107 -0.000155695
-1.90639e-06 0.0001261
-8.3377e-05 -0.000107569
0.000418674 0.000122231
1.60607e-05 5.95208e-05
0.000185677 -6.76924e-05
-3.23996e-05 0.000119779
-0.000333893 -0.000186119
-1.68196e-06 4.83652e-05
-0.000326763 -5.57452e-05
0.000186316 -4.19016e-05
0.000148346 0.000162531
0.000115707 -9.17089e-05
0.000328582 0.000150325
-0.000234423 -5.78111e-05
1.05343e-05 -6.81877e-05
-0.000291445 4.59967e-05
-0.000201078 -0.000176094
0.000146639 0.000135972
-7.06122e-05 -5.2899e-05
0.000416964 6.14737e-05
5.5269e-05 0.000115298
2.49247e-05 -0.000123846
1.05437e-06 0.000111358
-0.000413988 -0.00016163
3.02464e-05 -7.36172e-07
-0.000219851 2.41549e-05
0.000158994 -8.1437e-05
0.00027908 0.000193231
2.00652e-05 -8.04227e-05
0.000298382 8.68545e-05
-0.000266175 -8.27887e-06
-0.000101882 -0.000135628
-0.000183129 8.48282e-05
-0.00023814 -0.000164931
0.000263997 0.00011721
-2.47585e-05 1.78436e-05
0.000352104 -5.95916e-06
0.000103874 0.000151132
-0.000136599 -0.000152939
1.96543e-05 7.66263e-05
-0.000434472 -0.000110468
3.51598e-05 -5.48748e-05
-7.36925e-05 9.79098e-05
0.00011 -0.000100587
0.000375635 0.000188366
-5.46944e-05 -4.57074e-05
0.000214597 7.49e-06
-0.000252688 4.02106e-05
-0.000215618 -0.000181001
-6.07808e-05 0.00010106
-0.000238563 -0.000122598
0.000332606 7.52125e-05
5.00794e-05 9.07067e-05
0.000237881 -6.54362e-05
0.000145187 0.000158054
-0.000273081 -0.000151291
1.47228e-05 2.16981e-05
-0.000391706 -4.29111e-05
1.62981e-05 -0.000101984
8.94055e-05 0.000151785
5.64178e-05 -9.32899e-05
0.000418187 0.000149216
-9.73137e-05 3.49708e-06
8.79817e-05 -7.27251e-05
-0.000203644 7.63432e-05
-0.000309908 -0.000195805
5.42313e-05 9.20352e-05
-0.000194538 -5.56232e-05
0.000344462 2.04657e-05
0.000141065 0.0001505
9.64734e-05 -0.000104812
0.000163215 0.000133251
-0.000364111 -0.000121477
-1.59188e-05 -4.30574e-05
-0.000292319 2.80329e-05
-1.66642e-05 -0.000130749
0.000242888 0.000175861
1.49772e-05 -5.96735e-05
0.000396392 8.41163e-05
-0.000105577 5.48469e-05
-6.21473e-05 -0.00013903
-0.000134049 9.1894e-05
-0.000365833 -0.000177017
0.000143371 6.05035e-05
-0.000106727 2.42164e-05
0.000302642 -3.37626e-05
0.000229105 0.000184233
-4.64724e-05 -0.00011709
0.000146797 8.05643e-05
-0.000397866 -7.13597e-05
-6.74914e-05 -0.00010501
-0.000152222 8.89901e-05
-4.9765e-05 -0.000133054
0.000360828 0.000166239
-2.35927e-06 -6.33307e-06
0.000311852 6.51649e-06
-8.58146e-05 9.56069e-05
-0.000211619 -0.000179776
-6.08694e-05 8.32441e-05
-0.000369835 -0.000127657
0.000194318 1.42079e-05
1.47037e-05 0.000101967
0.000220368 -7.45205e-05
0.000293181 0.000184144
-0.000167194 -0.000101716
9.24087e-05 9.5315e-06
-0.000372535 -1.22282e-05
-0.000129131 -0.000151606
5.91062e-06 0.00012871
-6.80982e-05 -0.000106015
0.000423101 0.000126027
8.44444e-06 5.50413e-05
0.000177869 -6.81097e-05
-5.04274e-05 0.000115572
-0.000335841 -0.000188429
3.64982e-07 5.19861e-05
-0.0003165 -5.63705e-05
0.000203259 -3.558e-05
0.000151087 0.000162476
0.000117726 -9.23073e-05
0.000315414 0.000149488
-0.000248275 -6.4265e-05
5.13868e-06 -6.66796e-05
-0.000296003 4.3509e-05
-0.000185915 -0.000172711
0.000156426 0.000140283
-5.97381e-05 -5.30674e-05
0.000419626 6.47317e-05
4.25261e-05 0.00011038
1.66516e-05 -0.000125651
-1.43027e-05 0.000109227
-0.000414096 -0.000164494
3.84739e-05 4.60123e-06
-0.000210173 2.39817e-05
0.00017548 -7.64201e-05
0.000278421 0.000193662
1.68346e-05 -8.33868e-05
0.000285476 8.66475e-05
-0.000281323 -1.47882e-05
-0.00010219 -0.00013389
-0.000184033 8.46773e-05
-0.000221774 -0.000162625
0.000275252 0.000122648
-1.93136e-05 1.63023e-05
0.000352536 -3.91007e-06
8.76067e-05 0.000146571
-0.000145215 -0.000156207
8.92557e-06 7.67597e-05
-0.000433009 -0.000113361
4.86795e-05 -4.87212e-05
-6.49801e-05 9.8592e-05
0.000123949 -9.75477e-05
0.00037217 0.000189278
-6.32662e-05 -5.06271e-05
0.00020323 7.61358e-06
-0.000267526 3.46535e-05
-0.000211381 -0.000179553
-5.72973e-05 0.000103398
-0.000222913 -0.000121438
0.000344426 8.09659e-05
4.98047e-05 8.83121e-05
0.000235621 -6.5136e-05
0.000127439 0.000154522
-0.00028187 -0.000155787
9.96187e-06 2.3879e-05
-0.000388766 -4.51733e-05
3.34671e-05 -9.59826e-05
9.69818e-05 0.000153529
6.60131e-05 -9.25602e-05
0.000412628 0.000150405
-0.000110626 -2.65264e-06
7.90121e-05 -7.26873e-05
-0.000216335 7.26309e-05
-0.000302167 -0.000194984
6.23158e-05 9.65785e-05
-0.000181195 -5.54106e-05
0.000355625 2.56283e-05
0.000135496 0.000147829
9.11728e-05 -0.000106561
0.000146183 0.000131171
-0.000372734 -0.000126658
-1.42079e-05 -3.93879e-05
-0.000287821 2.70367e-05
2.01395e-06 -0.000125753
0.000249246 0.000178607
1.89282e-05 -6.12155e-05
0.000389442 8.52171e-05
-0.000122345 4.83986e-05
-6.83436e-05 -0.000139489
-0.000142809 9.06284e-05
-0.000355873 -0.000176896
0.000155611 6.65826e-05
-9.67804e-05 2.38547e-05
0.00031176 -3.00315e-05
0.000219275 0.000181811
-5.49298e-05 -0.000120873
0.000132505 8.00426e-05
-0.00040573 -7.64451e-05
-5.97085e-05 -0.000100616
-0.000146003 8.97105e-05
-3.18814e-05 -0.000129659
0.000365866 0.000169661
-4.63654e-06 -9.76573e-06
0.000304096 7.07404e-06
-0.000104183 8.98437e-05
-0.000215093 -0.000181006
-6.42789e-05 8.46138e-05
-0.000358926 -0.000128042
0.000209593 2.08935e-05
2.07166e-05 0.00010146
0.000226095 -7.28564e-05
0.000280554 0.000182349
-0.00017857 -0.000107159
8.24085e-05 1.03521e-05
-0.000378796 -1.63412e-05
-0.000116484 -0.000147281
1.39405e-05 0.000131289
-5.31345e-05 -0.000104484
0.00042663 0.000129588
1.48749e-07 5.03662e-05
0.000169716 -6.85401e-05
-6.8196e-05 0.000111356
-0.000336931 -0.000190462
3.07663e-06 5.57292e-05
-0.000305698 -5.68673e-05
0.000219892 -2.93025e-05
0.000153147 0.000162194
0.000118973 -9.30363e-05
0.000301652 0.000148483
-0.000261886 -7.06707e-05
2.97099e-07 -6.49817e-05
-0.00029967 4.11611e-05
-0.000170185 -0.000169111
0.000166125 0.000144501
-4.93531e-05 -5.33278e-05
0.000421353 6.77799e-05
2.91995e-05 0.000105266
8.33448e-06 -0.00012739
-2.92335e-05 0.000107138
-0.000413238 -0.000167083
4.72465e-05 1.00635e-05
-0.000200213 2.38418e-05
0.000191472 -7.14698e-05
0.000276923 0.000193828
1.29594e-05 -8.64694e-05
0.00027219 8.63585e-05
-0.000296012 -2.12287e-05
-0.000101773 -0.000131899
-0.000184161 8.46286e-05
-0.000204998 -0.000160148
0.000286135 0.00012795
-1.45052e-05 1.46011e-05
0.000352096 -2.02542e-06
7.08938e-05 0.000141838
-0.00015357 -0.000159343
-1.24107e-06 7.69913e-05
-0.000430571 -0.00011601
6.25872e-05 -4.2449e-05
-5.62784e-05 9.92117e-05
0.000137267 -9.45995e-05
0.00036779 0.000189923
-7.23121e-05 -5.56532e-05
0.00019175 7.75252e-06
-0.000281738 2.91803e-05
-0.000206308 -0.000177815
-5.32212e-05 0.000105798
-0.000207055 -0.000120179
0.000355641 8.65581e-05
4.87854e-05 8.57014e-05
0.000232644 -6.49452e-05
0.000109423 0.000150866
-0.000290124 -0.000160108
5.85858e-06 2.62119e-05
-0.000384941 -4.72482e-05
5.08427e-05 -8.98806e-05
0.000104249 0.000155125
7.48961e-05 -9.19496e-05
0.000406175 0.00015136
-0.000124217 -8.89387e-06
7.02161e-05 -7.25379e-05
-0.000228297 6.90142e-05
-0.000293552 -0.00019387
7.07628e-05 0.000101146
-0.000167874 -5.51861e-05
0.000366017 3.06236e-05
0.000129127 0.000144909
8.5378e-05 -0.000108365
0.00012909 0.000129036
-0.000380607 -0.000131643
-1.1792e-05 -3.55226e-05
-0.000282616 2.61549e-05
2.07056e-05 -0.000120688
0.000255026 0.000181144
2.21374e-05 -6.29058e-05
0.000381716 8.61466e-05
-0.000139187 4.18802e-05
-7.40852e-05 -0.000139754
-0.000150803 8.94676e-05
-0.000345086 -0.000176513
0.000167961 7.26534e-05
-8.71023e-05 2.34124e-05
0.000320027 -2.64601e-05
0.000208655 0.000179137
-6.36189e-05 -0.000124659
0.000118374 7.95493e-05
-0.000412707 -8.13351e-05
-5.12266e-05 -9.59989e-05
-0.000139325 9.04659e-05
-1.41777e-05 -0.000126242
0.000370116 0.000172843
-7.63538e-06 -1.33725e-05
0.000295771 7.5423e-06
-0.000122426 8.40411e-05
-0.000217869 -0.000181981
-6.69515e-05 8.60952e-05
-0.000347321 -0.000128224
0.00022473 2.75437e-05
2.62242e-05 0.000100787
0.000230978 -7.13367e-05
0.00026722 0.000180333
-0.000189905 -0.000112567
7.27905e-05 1.12879e-05
-0.000384122 -2.02792e-05
-0.0001032 -0.000142729
2.21367e-05 0.000133828
-3.85338e-05 -0.000102989
0.000429246 0.00013291
-8.80221e-06 4.55018e-05
0.000161264 -6.89722e-05
-8.56539e-05 0.000107141
-0.000337144 -0.000192213
6.43775e-06 5.95879e-05
-0.000294404 -5.72447e-05
0.000236166 -2.30827e-05
0.000154499 0.000161679
0.000119459 -9.38926e-05
0.00028734 0.000147321
-0.000275202 -7.70132e-05
-3.96301e-06 -6.30899e-05
-0.000302447 3.8954e-05
-0.000153933 -0.000165307
0.000175688 0.000148615
-3.94946e-05 -5.36887e-05
0.000422144 7.06183e-05
1.53268e-05 9.99642e-05
2.25255e-08 -0.000129049
-4.36954e-05 0.000105099
-0.000411412 -0.000169394
5.65334e-05 1.56399e-05
-0.000190022 2.37252e-05
0.000206924 -6.65979e-05
0.000274575 0.000193725
8.46618e-06 -8.9663e-05
0.000258575 8.59978e-05
-0.000310192 -2.75865e-05
-0.000100618 -0.000129654
-0.000183528 8.46786e-05
-0.000187863 -0.000157515
0.000296602 0.000133103
-1.0357e-05 1.2735e-05
0.000350799 -3.01465e-07
5.37831e-05 0.000136944
-0.000161617 -0.000162334
-1.08158e-05 7.73255e-05
-0.000427169 -0.000118415
7.68397e-05 -3.60715e-05
-4.76372e-05 9.97582e-05
0.000149922 -9.17513e-05
0.0003625 0.0001903
-8.17923e-05 -6.07748e-05
0.000180204 7.91742e-06
-0.000295282 2.38022e-05
-0.0002004 -0.00017579
-4.85818e-05 0.000108253
-0.000191041 -0.000118833
0.000366209 9.19785e-05
4.70133e-05 8.28733e-05
0.000228979 -6.48561e-05
9.11908e-05 0.000147096
-0.000297802 -0.00016424
2.42668e-06 2.86967e-05
-0.000380253 -4.91386e-05
6.83734e-05 -8.36925e-05
0.000111163 0.000156565
8.30462e-05 -9.14631e-05
0.000398847 0.000152084
-0.000138036 -1.52136e-05
6.16392e-05 -7.22666e-05
-0.0002395 6.55003e-05
-0.000284083 -0.000192467
7.95315e-05 0.000105727
-0.000154629 -5.49609e-05
0.000375611 3.54438e-05
0.000121966 0.000141741
7.91289e-05 -0.000110212
0.000111987 0.000126858
-0.000387694 -0.000136419
-8.67463e-06 -3.14658e-05
-0.000276738 2.53814e-05
3.93558e-05 -0.000115569
0.000260189 0.000183464
2.46e-05 -6.47451e-05
0.000373247 8.69122e-05
-0.000156048 3.53056e-05
-7.93343e-05 -0.000139815
-0.000158017 8.84141e-05
-0.000333505 -0.000175873
0.000180374 7.87024e-05
-7.77391e-05 2.28795e-05
0.000327429 -2.30526e-05
0.000197268 0.000176216
-7.24917e-05 -0.000128437
0.000104452 7.90932e-05
-0.000418771 -8.60212e-05
-4.20661e-05 -9.11673e-05
-0.000132233 9.12473e-05
3.29337e-06 -0.000122814
0.000373551 0.000175779
-1.1344e-05 -1.71499e-05
0.000286918 7.93102e-06
-0.000140487 7.82125e-05
-0.00021992 -0.000182696
-6.88888e-05 8.76859e-05
-0.000335062 -0.000128212
0.000239677 3.41444e-05
3.11906e-05 9.99395e-05
0.000235016 -6.99615e-05
0.000253214 0.000178104
-0.000201148 -0.000117926
6.35927e-05 1.23452e-05
-0.000388503 -2.40374e-05
-8.93129e-05 -0.000137961
3.04517e-05 0.000136314
-2.43421e-05 -0.000101539
0.000430937 0.00013599
-1.83812e-05 4.04552e-05
0.000152561 -6.93942e-05
-0.00010275 0.000102939
-0.000336466 -0.000193677
1.04303e-05 6.35549e-05
-0.000282667 -5.75123e-05
0.00025203 -1.69343e-05
0.00015512 0.000160926
0.000119199 -9.48719e-05
0.000272521 0.00014601
-0.00028817 -8.32775e-05
-7.61681e-06 -6.10006e-05
-0.000304339 3.6888e-05
-0.000137205 -0.000161309
0.000185065 0.000152614
-3.01973e-05 -5.41579e-05
0.000422002 7.32475e-05
9.47901e-07 9.44859e-05
-8.2352e-06 -0.000130616
-5.76473e-05 0.000103119
-0.000408616 -0.000171423
6.63016e-05 2.13194e-05
-0.000179651 2.36216e-05
0.000221795 -6.18159e-05
0.000271368 0.000193353
3.38424e-06 -9.29593e-05
0.000244678 8.55758e-05
-0.000323814 -3.38483e-05
-9.87146e-05 -0.000127154
-0.000182154 8.48231e-05
-0.000170424 -0.000154738
0.000306605 0.000138096
-6.88949e-06 1.06998e-05
0.000348663 1.26629e-06
3.63237e-05 0.000131898
-0.000169309 -0.000165166
-1.97714e-05 7.77659e-05
-0.000422816 -0.000120576
9.13921e-05 -2.96025e-05
-3.91062e-05 0.000100221
0.00016188 -8.90113e-05
0.000356307 0.000190411
-9.1665e-05 -6.59807e-05
0.000168642 8.11871e-06
-0.000308119 1.85299e-05
-0.000193666 -0.00017348
-4.34111e-05 0.000110753
-0.000174929 -0.000117413
0.000376094 9.72173e-05
4.4484e-05 7.98273e-05
0.000224655 -6.48606e-05
7.27964e-05 0.000143225
-0.00030486 -0.00016817
-3.22913e-07 3.13327e-05
-0.000374729 -5.08482e-05
8.60068e-05 -7.74334e-05
0.000117679 0.000157838
9.04459e-05 -9.11046e-05
0.000390666 0.000152583
-0.000152034 -2.15983e-05
5.33257e-05 -7.18638e-05
-0.000249917 6.20959e-05
-0.000273781 -0.00019078
8.85797e-05 0.00011031
-0.000141512 -5.47465e-05
0.000384377 4.00817e-05
0.000114025 0.000138328
7.24671e-05 -0.00011209
9.49278e-05 0.000124645
-0.000393963 -0.000140977
-4.86235e-06 -2.72224e-05
-0.000270224 2.47096e-05
5.791e-05 -0.00011041
0.000264703 0.00018556
2.63149e-05 -6.67332e-05
0.000364068 8.75215e-05
-0.000172872 2.86889e-05
-8.40549e-05 -0.000139664
-0.000164438 8.74697e-05
-0.000321165 -0.000174983
0.0001928 8.4716e-05
-6.87355e-05 2.22465e-05
0.000333952 -1.98124e-05
0.000185141 0.000173053
-8.14989e-05 -0.000132192
9.07843e-05 7.8683e-05
-0.000423903 -9.04956e-05
-3.22504e-05 -8.61295e-05
-0.000124769 9.20456e-05
2.04799e-05 -0.00011939
0.000376149 0.000178464
-1.57475e-05 -2.10934e-05
0.00027758 8.25028e-06
-0.000158311 7.23709e-05
-0.000221222 -0.000183144
-7.0095e-05 8.93828e-05
-0.000322194 -0.000128014
0.000254385 4.06813e-05
3.5582e-05 9.89108e-05
0.000238212 -6.873e-05
0.000238576 0.00017567
-0.000212245 -0.000123221
5.4851e-05 1.35299e-05
-0.000391932 -2.76117e-05
-7.48613e-05 -0.000132988
3.88373e-05 0.000138738
-1.06034e-05 -0.000100146
0.000431695 0.000138827
-2.85583e-05 3.52342e-05
0.000143655 -6.97943e-05
-0.000119437 9.87595e-05
-0.000334887 -0.000194849
1.50335e-05 6.76225e-05
-0.000270536 -5.76799e-05
0.000267436 -1.08704e-05
0.000154991 0.000159933
0.000118209 -9.59691e-05
0.000257243 0.000144561
-0.000300738 -8.9449e-05
-1.0642e-05 -5.87108e-05
-0.000305354 3.4963e-05
-0.00012005 -0.000157132
0.000194209 0.000156484
-2.14936e-05 -5.47428e-05
0.000420933 7.56691e-05
-1.38947e-05 8.88408e-05
-1.63899e-05 -0.000132077
-7.10504e-05 0.000101203
-0.000404853 -0.000173169
7.65158e-05 2.70905e-05
-0.00016915 2.35205e-05
0.000236044 -5.71344e-05
0.000267299 0.00019271
-2.25439e-06 -9.63495e-05
0.000230549 8.51029e-05
-0.000336831 -4.00008e-05
-9.60575e-05 -0.000124399
-0.000180061 8.50573e-05
-0.000152734 -0.000151829
0.000316102 0.000142917
-4.12018e-06 8.49193e-06
0.000345708 2.68302e-06
1.85661e-05 0.000126714
-0.0001766 -0.000167828
-2.80831e-05 7.83153e-05
-0.000417529 -0.000122495
0.000106198 -2.30561e-05
-3.07347e-05 0.000100591
0.000173113 -8.63867e-05
0.000349221 0.00019026
-0.000101886 -7.12587e-05
0.000157112 8.36658e-06
-0.000320212 1.33735e-05
-0.000186113 -0.000170887
-3.77432e-05 0.000113291
-0.000158773 -0.000115931
0.000385259 0.000102265
4.11961e-05 7.65636e-05
0.000219708 -6.49501e-05
5.42935e-05 0.000139264
-0.000311259 -0.000171888
-2.38221e-06 3.41183e-05
-0.000368398 -5.23812e-05
0.00010369 -7.11181e-05
0.000123753 0.000158936
9.7081e-05 -9.08773e-05
0.000381655 0.000152862
-0.000166159 -2.80343e-05
4.53186e-05 -7.132e-05
-0.000259523 5.88069e-05
-0.000262671 -0.000188815
9.78639e-05 0.000114883
-0.000128574 -5.45542e-05
0.000392293 4.4531e-05
0.000105318 0.000134675
6.54357e-05 -0.000113987
7.79636e-05 0.000122409
-0.000399384 -0.000145306
-3.64652e-07 -2.27981e-05
-0.000263113 2.41326e-05
7.63137e-05 -0.000105226
0.000268532 0.000187424
2.72839e-05 -6.88689e-05
0.000354215 8.79827e-05
-0.000189605 2.20442e-05
-8.82134e-05 -0.000139293
-0.000170057 8.66358e-05
-0.000308102 -0.000173851
0.00020519 9.06807e-05
-6.01345e-05 2.15043e-05
0.000339585 -1.67419e-05
0.000172302 0.000169657
-9.05909e-05 -0.000135911
7.74169e-05 7.83268e-05
-0.000428086 -9.47514e-05
-2.18053e-05 -8.08948e-05
-0.000116979 9.28513e-05
3.73314e-05 -0.000115981
0.00037789 0.000180894
-2.08275e-05 -2.51981e-05
0.000267801 8.51038e-06
-0.000175845 6.65295e-05
-0.000221752 -0.000183318
-7.05778e-05 9.1182e-05
-0.000308762 -0.000127639
0.000268802 4.71407e-05
3.93671e-05 9.76944e-05
0.00024057 -6.76406e-05
0.000223345 0.00017304
-0.000223144 -0.000128436
4.65994e-05 1.48474e-05
-0.000394405 -3.09991e-05
-5.98848e-05 -0.000127822
4.7245e-05 0.000141088
2.64041e-06 -9.88191e-05
0.000431514 0.000141417
-3.93005e-05 2.98474e-05
0.000134592 -7.01608e-05
-0.000135664 9.46145e-05
-0.000332398 -0.000195725
2.02238e-05 7.17824e-05
-0.000258064 -5.7758e-05
0.000282338 -4.90345e-06
0.000154094 0.000158694
0.000116512 -9.71784e-05
0.000241553 0.000142983
-0.000312856 -9.5513e-05
-1.30192e-05 -5.62187e-05
-0.000305501 3.31777e-05
-0.000102517 -0.000152788
0.000203073 0.000160215
-1.34127e-05 -5.54498e-05
0.000418946 7.78851e-05
-2.91567e-05 8.304e-05
-2.43934e-05 -0.00013342
-8.3868e-05 9.93598e-05
-0.000400131 -0.000174633
8.71388e-05 3.29412e-05
-0.000158574 2.34113e-05
0.000249632 -5.25635e-05
0.000262366 0.000191796
-8.41525e-06 -9.98239e-05
0.000216239 8.45895e-05
-0.000349198 -4.60311e-05
-9.2643e-05 -0.00012139
-0.000177272 8.53761e-05
-0.000134848 -0.000148804
0.00032505 0.000147557
-2.06333e-06 6.10865e-06
0.000341957 3.95458e-06
5.62228e-07 0.000121403
-0.000183445 -0.000170306
-3.5729e-05 7.89762e-05
-0.000411327 -0.000124174
0.00012121 -1.64464e-05
-2.2571e-05 0.000100856
0.000183595 -8.38839e-05
0.000341256 0.000189848
-0.000112411 -7.65965e-05
0.000145662 8.67096e-06
-0.000331525 8.34277e-06
-0.000177757 -0.000168017
-3.16143e-05 0.000115858
-0.000142627 -0.000114401
0.00039367 0.000107114
3.71517e-05 7.30832e-05
0.000214171 -6.51152e-05
3.57364e-05 0.000135225
-0.000316963 -0.000175381
-3.74618e-06 3.70514e-05
-0.000361291 -5.37427e-05
0.00012137 -6.47619e-05
0.000129346 0.000159849
0.000102941 -9.07837e-05
0.000371842 0.000152928
-0.000180357 -3.45073e-05
3.76593e-05 -7.06266e-05
-0.000268296 5.56389e-05
-0.00025078 -0.000186579
0.000107339 0.000119433
-0.000115865 -5.43951e-05
0.000399336 4.87863e-05
9.58633e-05 0.000130786
5.80796e-05 -0.000115893
6.11463e-05 0.00012016
-0.000403931 -0.000149397
4.80601e-06 -1.81994e-05
-0.000255445 2.36425e-05
9.45133e-05 -0.00010003
0.000271648 0.000189049
2.75123e-05 -7.11503e-05
0.000343726 8.83044e-05
-0.000206191 1.5386e-05
-9.17785e-05 -0.000138695
-0.000174868 8.59129e-05
-0.000294356 -0.000172487
0.000217495 9.65829e-05
-5.19771e-05 2.06442e-05
0.000344322 -1.3843e-05
0.000158784 0.000166033
-9.97172e-05 -0.00013958
6.43935e-05 7.80324e-05
-0.000431304 -9.87823e-05
-1.07595e-05 -7.54731e-05
-0.00010891 9.36549e-05
5.37988e-05 -0.000112601
0.000378756 0.000183064
-2.65627e-05 -2.9458e-05
0.000257625 8.72186e-06
-0.000193035 6.07013e-05
-0.000221492 -0.000183214
-7.03476e-05 9.30793e-05
-0.000294815 -0.000127098
0.000282879 5.35089e-05
4.25173e-05 9.62842e-05
0.0002421 -6.66907e-05
0.000207564 0.000170224
-0.000233793 -0.000133557
3.88697e-05 1.63021e-05
-0.000395923 -3.4197e-05
-4.44254e-05 -0.000122476
5.56259e-05 0.000143354
1.53496e-05 -9.75686e-05
0.00043039 0.000143762
-5.05724e-05 2.43041e-05
0.000125422 -7.04818e-05
-0.000151388 9.05135e-05
-0.000328995 -0.000196304
2.59753e-05 7.60257e-05
-0.000245301 -5.7757e-05
0.000296691 9.54235e-07
0.000152415 0.000157207
0.00011413 -9.84931e-05
0.000225499 0.000141287
-0.000324474 -0.000101455
-1.47316e-05 -5.35229e-05
-0.000304796 3.15307e-05
-8.46573e-05 -0.000148291
0.000211608 0.000163796
-5.98135e-06 -5.6285e-05
0.000416054 7.98985e-05
-4.47916e-05 7.70948e-05
-3.2198e-05 -0.000134633
-9.60657e-05 9.75949e-05
-0.000394458 -0.000175812
9.81314e-05 3.88593e-05
-0.000147972 2.32834e-05
0.000262524 -4.81126e-05
0.000256569 0.000190612
-1.50615e-05 -0.000103372
0.000201798 8.4046e-05
-0.000360874 -5.19268e-05
-8.84708e-05 -0.000118131
-0.000173816 8.57735e-05
-0.000116822 -0.000145674
0.000333407 0.000152004
-7.29963e-07 3.54789e-06
0.000337436 5.08746e-06
-1.7635e-05 0.000115978
-0.000189801 -0.000172588
-4.26898e-05 7.97505e-05
-0.000404234 -0.000125616
0.00013638 -9.78787e-06
-1.46626e-05 0.000101008
0.000193304 -8.15088e-05
0.000332429 0.00018918
-0.000123192 -8.19811e-05
0.00013434 9.04146e-06
-0.000342027 3.44687e-06
-0.000168611 -0.000164873
-2.50626e-05 0.000118443
-0.000126547 -0.000112835
0.000401296 0.000111754
3.23562e-05 6.9388e-05
0.000208082 -6.53463e-05
1.71796e-05 0.000131119
-0.000321937 -0.000178639
-4.41279e-06 4.0129e-05
-0.000353444 -5.49381e-05
0.000138993 -5.83797e-05
0.000134418 0.00016057
0.000108017 -9.08251e-05
0.000361257 0.000152786
-0.000194575 -4.1003e-05
3.03877e-05 -6.97754e-05
-0.000276219 5.25968e-05
-0.000238139 -0.000184079
0.00011696 0.00012395
-0.000103435 -5.42798e-05
0.000405488 5.28427e-05
8.56824e-05 0.000126666
5.04445e-05 -0.000117794
4.45265e-05 0.000117908
-0.00040758 -0.000153242
1.06343e-05 -1.34334e-05
-0.000247265 2.32315e-05
0.000112456 -9.48385e-05
0.000274021 0.000190429
2.70089e-05 -7.35747e-05
0.00033264 8.84956e-05
-0.000222574 8.7286e-06
-9.47212e-05 -0.000137865
-0.000178868 8.5301e-05
-0.00027997 -0.000170898
0.000229665 0.000102409
-4.43024e-05 1.96577e-05
0.000348158 -1.11164e-05
0.000144621 0.000162191
-0.000108827 -0.000143184
5.1756e-05 7.78069e-05
-0.000433549 -0.000102583
8.55795e-07 -6.9875e-05
-0.00010061 9.44463e-05
6.98348e-05 -0.000109262
0.000378733 0.00018497
-3.29289e-05 -3.38662e-05
0.0002471 8.89538e-06
-0.000209829 5.48992e-05
-0.000220427 -0.000182827
-6.94179e-05 9.50699e-05
-0.000280403 -0.000126401
0.000296567 5.97729e-05
4.50067e-05 9.4675e-05
0.000242812 -6.5877e-05
0.000191277 0.000167232
-0.000244141 -0.000138569
3.16912e-05 1.78981e-05
-0.000396488 -3.72037e-05
-2.85268e-05 -0.000116961
6.3931e-05 0.000145524
2.74871e-05 -9.64031e-05
0.000428325 0.000145861
-6.23361e-05 1.8614e-05
0.000116194 -7.07456e-05
-0.000166563 8.64666e-05
-0.000324677 -0.000196583
3.22594e-05 8.03431e-05
-0.000232302 -5.76881e-05
0.000310451 6.69112e-06
0.000149944 0.00015547
0.00011109 -9.99059e-05
0.000209133 0.000139484
-0.000335545 -0.000107262
