0 0
-1.57878e-14 -3.20045e-15
-3.32241e-15 -5.37222e-16
-1.41592e-14 -3.31925e-15
-4.99707e-15 -1.28982e-15
-9.69041e-15 -1.94846e-15
-6.77719e-15 -5.03514e-16
-9.95882e-15 -1.36747e-15
-8.31419e-15 -6.57359e-16
-7.96061e-15 -2.99938e-15
-1.1097e-14 -3.96841e-15
-6.95895e-15 -1.67867e-15
-7.73275e-15 -2.58893e-15
-9.95762e-15 -2.43715e-15
-8.59244e-15 -3.54481e-15
-7.95249e-15 -3.01085e-15
-1.05188e-14 -2.26424e-15
-9.62816e-15 -1.8481e-15
-9.15211e-15 -3.21304e-15
-8.19238e-15 -1.04982e-15
-7.04129e-15 -2.03633e-15
-7.3956e-15 -1.5478e-15
-6.25466e-15 -8.90818e-16
-9.62889e-15 -1.16364e-15
-6.19641e-15 -1.41833e-15
-9.9063e-15 -3.30578e-15
-6.90108e-15 -8.37515e-16
-7.24457e-15 -3.31307e-16
-9.72123e-15 -2.41746e-15
-8.15522e-15 -1.39583e-15
-6.24481e-15 -1.78334e-15
-7.37275e-15 -1.04514e-15
-8.08555e-15 -2.52341e-15
-8.89424e-15 -2.9096e-15
-1.05404e-14 -2.38247e-15
-8.46318e-15 -6.32336e-16
-7.45433e-15 -2.31705e-15
-9.33865e-15 -1.95769e-15
-7.31811e-15 -1.11357e-15
-8.40962e-15 -3.42036e-15
-1.03741e-14 -2.38986e-15
-1.13954e-14 -3.30682e-15
-8.66026e-15 -2.84252e-15
-9.64822e-15 -1.00861e-15
-1.0482e-14 -3.53822e-15
-8.0382e-15 -7.66376e-16
-1.04122e-14 -2.08825e-15
-8.56039e-15 -3.35214e-15
-1.11729e-14 -3.93126e-15
-1.06224e-14 -3.53927e-15
-7.92492e-15 -1.49246e-15
-9.39022e-15 -2.508e-15
-9.39603e-15 -2.6572e-15
-1.11735e-14 -2.56228e-15
-1.12861e-14 -2.20865e-15
-9.21681e-15 -2.55142e-15
-7.0974e-15 -4.75295e-16
-9.74816e-15 -2.91908e-15
-9.88815e-15 -2.82433e-15
-5.3865e-15 -4.79231e-16
-1.09649e-14 -2.94963e-15
-6.23778e-15 -5.4471e-16
-1.07016e-14 -1.6339e-15
-1.0225e-14 -3.66605e-15
-6.88356e-15 -8.05188e-16
-8.82689e-15 -3.02698e-15
-1.00491e-14 -1.4666e-15
-9.69529e-15 -2.08897e-15
-9.78819e-15 -1.05477e-15
-7.41716e-15 -2.03151e-15
-1.06875e-14 -2.55472e-15
-9.45688e-15 -2.52617e-15
-6.4325e-15 -5.55142e-16
-1.07536e-14 -2.97211e-15
-1.06181e-14 -1.51236e-15
-7.24253e-15 -9.26146e-16
-7.98252e-15 -2.31467e-15
-1.0954e-14 -2.77947e-15
-8.15171e-15 -1.06172e-15
-7.9882e-15 -3.15948e-15
-1.04342e-14 -1.49627e-15
-7.2597e-15 -2.24518e-15
-7.68051e-15 -2.17174e-15
-8.53293e-15 -3.18663e-15
-8.88916e-15 -1.22492e-15
-8.52036e-15 -3.40854e-15
-9.32528e-15 -8.07101e-16
-1.11457e-14 -3.57724e-15
-9.41099e-15 -3.85134e-15
-8.22706e-15 -1.0963e-15
-7.12766e-15 -5.8702e-16
-7.46052e-15 -2.35507e-15
-7.19973e-15 -2.17397e-15
-7.05052e-15 -1.22153e-15
-9.13802e-15 -1.54977e-15
-9.65752e-15 -3.86609e-15
-7.88965e-15 -2.95084e-15
-9.27911e-15 -1.07932e-15
-8.09271e-15 -3.13105e-15
-6.44553e-15 -6.25663e-16
-7.61072e-15 -9.49017e-16
-8.37081e-15 -3.08554e-15
-1.0385e-14 -2.36809e-15
-9.47605e-15 -1.62821e-15
-8.52231e-15 -2.92827e-15
-1.04378e-14 -1.47418e-15
-7.42466e-15 -1.27827e-15
-1.14119e-14 -1.71618e-15
-1.06527e-14 -1.47715e-15
-8.65111e-15 -3.65821e-15
-1.08983e-14 -2.83444e-15
-6.79911e-15 -1.32037e-15
-7.3135e-15 -1.92026e-15
-1.03542e-14 -1.52637e-15
-1.16395e-14 -2.42039e-15
-1.02873e-14 -3.40726e-15
-8.38205e-15 -9.81631e-16
-1.13215e-14 -2.86026e-15
-8.42496e-15 -3.3132e-15
-6.31337e-15 -1.15148e-15
-1.05353e-14 -4.22155e-15
-9.23306e-15 -1.35864e-15
-1.06079e-14 -2.78713e-15
-9.05629e-15 -1.15207e-15
-1.07513e-14 -1.31599e-15
-7.69715e-15 -1.473e-15
-6.38257e-15 -8.29959e-16
-9.54838e-15 -1.88584e-15
-1.18644e-14 -2.45588e-15
-9.43785e-15 -2.77104e-15
-1.11843e-14 -2.71931e-15
-9.90295e-15 -1.65143e-15
-1.02989e-14 -1.546e-15
-1.1473e-14 -3.74468e-15
-1.02534e-14 -3.39691e-15
-1.1107e-14 -2.88325e-15
-1.07342e-14 -2.33988e-15
-1.08435e-14 -2.52932e-15
-6.59239e-15 -2.22044e-15
-1.04979e-14 -3.55494e-15
-1.04298e-14 -2.77951e-15
-8.0765e-15 -2.34468e-15
-8.5757e-15 -2.60354e-15
-1.01602e-14 -3.73707e-15
-1.02914e-14 -1.4696e-15
-1.01236e-14 -4.04561e-15
-7.08408e-15 -1.75725e-15
-9.78747e-15 -2.6535e-15
-9.89751e-15 -1.3593e-15
-1.10466e-14 -3.21398e-15
-9.44981e-15 -2.66483e-15
-7.53788e-15 -1.53517e-15
-1.08229e-14 -2.33493e-15
-8.38867e-15 -2.96582e-15
-9.96309e-15 -3.11687e-15
-8.58516e-15 -1.2633e-15
-1.26121e-14 -2.84318e-15
-1.05747e-14 -1.61504e-15
-8.12473e-15 -1.64583e-15
-1.20486e-14 -3.02725e-15
-1.02214e-14 -3.51532e-15
-1.06117e-14 -1.93379e-15
-7.59472e-15 -1.31856e-15
-1.10478e-14 -3.34691e-15
-9.8394e-15 -3.63884e-15
-8.34586e-15 -1.54869e-15
-7.60272e-15 -2.51618e-15
-7.18443e-15 -9.08626e-16
-6.69154e-15 -2.83817e-15
-9.6797e-15 -1.03419e-15
-8.88761e-15 -1.68545e-15
-7.52731e-15 -8.09682e-16
-9.83071e-15 -1.2158e-15
-1.21742e-14 -3.13408e-15
-6.24726e-15 -1.70952e-15
-9.68514e-15 -2.13335e-15
-7.79398e-15 -1.9056e-15
-1.12395e-14 -3.33359e-15
-1.0363e-14 -3.30864e-15
-8.03042e-15 -3.52847e-15
-7.08714e-15 -2.39751e-15
-9.08025e-15 -9.66491e-16
-8.27867e-15 -1.74497e-15
-7.23515e-15 -8.43336e-16
-9.97232e-15 -3.56507e-15
-1.04798e-14 -1.85012e-15
-8.16402e-15 -8.05462e-16
-7.1465e-15 -9.34725e-16
-7.94539e-15 -2.23896e-15
-1.13546e-14 -3.17161e-15
-1.00657e-14 -2.27416e-15
-9.93394e-15 -1.26555e-15
-1.13281e-14 -3.13418e-15
-1.03547e-14 -1.52193e-15
-9.09458e-15 -7.91004e-16
-8.10462e-15 -2.78791e-15
-7.05372e-15 -2.44271e-15
-1.01255e-14 -3.42259e-15
-8.06034e-15 -2.76796e-15
-7.97456e-15 -1.42296e-15
-7.42623e-15 -2.74205e-15
-1.12226e-14 -3.43487e-15
-8.77354e-15 -1.26627e-15
-1.10071e-14 -2.48988e-15
-8.51708e-15 -2.76521e-15
-7.17954e-15 -1.37107e-15
-6.47741e-15 -2.05238e-15
-9.05773e-15 -2.87096e-15
-7.79766e-15 -3.02566e-15
-7.73572e-15 -1.79024e-15
-1.11956e-14 -2.63872e-15
-6.34434e-15 -2.24061e-15
-9.97542e-15 -1.53877e-15
-1.03257e-14 -2.36854e-15
-6.37978e-15 -1.91011e-15
-9.55243e-15 -1.35181e-15
-8.86216e-15 -2.74661e-15
-8.50726e-15 -1.40878e-15
-1.0528e-14 -2.56893e-15
-7.03147e-15 -2.32494e-15
-1.15454e-14 -3.10872e-15
-6.93253e-15 -2.08223e-15
-7.4781e-15 -1.14833e-15
-1.02023e-14 -1.6832e-15
-1.02729e-14 -1.81523e-15
-1.0184e-14 -3.29224e-15
-1.05409e-14 -2.61648e-15
-7.50383e-15 -1.27306e-15
-1.12966e-14 -3.01541e-15
-1.03357e-14 -2.93003e-15
-8.63076e-15 -6.61106e-16
-6.14114e-15 -9.76146e-16
-7.90719e-15 -9.41402e-16
-1.00089e-14 -2.53251e-15
-1.09361e-14 -2.43712e-15
-6.53154e-15 -1.71901e-15
-9.71525e-15 -1.31755e-15
-6.83774e-15 -1.30765e-15
-9.77696e-15 -3.28141e-15
-9.71917e-15 -2.5819e-15
-6.83464e-15 -2.72012e-15
-8.40252e-15 -5.651e-16
-8.39268e-15 -3.3043e-15
-8.82276e-15 -1.792e-15
-1.18623e-14 -2.35218e-15
-8.45659e-15 -1.73282e-15
-8.77014e-15 -9.3177e-16
-9.86074e-15 -9.34561e-16
-6.37547e-15 -1.19346e-15
-1.06009e-14 -1.5814e-15
-8.80499e-15 -1.70553e-15
-1.07048e-14 -2.00296e-15
-8.35626e-15 -3.28977e-15
-7.49897e-15 -6.72541e-16
-6.815e-15 -1.30904e-15
-9.46635e-15 -2.60871e-15
-8.45403e-15 -2.55162e-15
-7.40092e-15 -2.70411e-15
-8.99633e-15 -3.05643e-15
-9.2855e-15 -1.4561e-15
-9.76781e-15 -3.14377e-15
-1.17024e-14 -3.26227e-15
-1.06589e-14 -3.27937e-15
-9.44987e-15 -3.61079e-15
-8.5472e-15 -3.87067e-15
-8.15599e-15 -3.32233e-15
-7.38734e-15 -1.98851e-15
-1.0874e-14 -3.87392e-15
-6.91362e-15 -1.16474e-15
-6.28085e-15 -1.92941e-15
-1.01577e-14 -4.10979e-15
-8.32394e-15 -2.84874e-15
-9.51048e-15 -2.39939e-15
-1.00094e-14 -1.33315e-15
-9.78388e-15 -3.45631e-15
-6.81249e-15 -1.36058e-15
-6.34366e-15 -9.21291e-16
-8.3953e-15 -1.77098e-15
-1.00859e-14 -3.46211e-15
-1.04051e-14 -2.43156e-15
-8.71648e-15 -1.54078e-15
-8.19967e-15 -2.77501e-15
-8.70257e-15 -7.95365e-16
-9.31284e-15 -1.16166e-15
-9.308e-15 -1.81766e-15
-9.71074e-15 -1.16749e-15
-1.19795e-14 -4.02183e-15
-8.91067e-15 -2.31682e-15
-1.00959e-14 -2.52136e-15
-6.56493e-15 -1.9343e-15
-8.7308e-15 -1.3314e-15
-1.14224e-14 -3.66953e-15
-1.01327e-14 -3.35977e-15
-7.18499e-15 -6.46177e-16
-7.84846e-15 -2.08549e-15
-8.29444e-15 -3.48639e-15
-7.27949e-15 -2.07269e-15
-6.36375e-15 -9.46162e-16
-8.70952e-15 -2.89698e-15
-9.6057e-15 -1.28108e-15
-1.18991e-14 -2.60364e-15
-7.81025e-15 -1.55073e-15
-6.50486e-15 -1.92587e-15
-1.12001e-14 -3.7771e-15
-9.16939e-15 -1.69563e-15
-7.1755e-15 -1.09817e-15
-8.6731e-15 -3.49915e-15
-8.59541e-15 -8.97358e-16
-1.10573e-14 -3.08231e-15
-9.39085e-15 -3.46829e-15
-7.5918e-15 -1.94914e-15
-8.97347e-15 -9.78538e-16
-7.4474e-15 -2.57028e-15
-7.00629e-15 -2.85345e-15
-9.17443e-15 -2.03368e-15
-8.54077e-15 -1.86716e-15
-9.96773e-15 -1.36894e-15
-9.67725e-15 -1.65648e-15
-7.74704e-15 -1.07371e-15
-6.33082e-15 -1.46258e-15
-1.17045e-14 -2.9445e-15
-8.12321e-15 -6.83912e-16
-8.65142e-15 -3.50578e-15
-1.02109e-14 -2.79769e-15
-7.30298e-15 -1.7799e-15
-6.07042e-15 -2.27586e-15
-1.10092e-14 -1.79785e-15
-7.38164e-15 -2.77798e-15
-8.12971e-15 -3.14365e-15
-8.78958e-15 -2.25887e-15
-8.05996e-15 -1.92513e-15
-9.86795e-15 -2.8392e-15
-1.11306e-14 -3.23967e-15
-9.65008e-15 -3.77099e-15
-1.11774e-14 -1.94067e-15
-1.10697e-14 -2.10837e-15
-7.88395e-15 -8.16534e-16
-8.48605e-15 -9.03715e-16
-7.69687e-15 -2.31924e-15
-1.09768e-14 -2.17612e-15
-9.20168e-15 -1.36809e-15
-1.04215e-14 -3.23799e-15
-8.69307e-15 -3.52313e-15
-8.14978e-15 -8.84751e-16
-8.74167e-15 -2.47901e-15
-1.06326e-14 -2.35054e-15
-9.41178e-15 -2.76832e-15
-1.03131e-14 -2.22412e-15
-7.76765e-15 -5.42252e-16
-9.44649e-15 -2.18583e-15
-9.17105e-15 -2.22129e-15
-1.03082e-14 -3.31275e-15
-9.02587e-15 -3.04529e-15
-1.08563e-14 -1.56749e-15
-9.39537e-15 -2.73726e-15
-9.65738e-15 -3.4492e-15
-8.17627e-15 -2.35516e-15
-6.61461e-15 -2.34237e-15
-7.6386e-15 -3.11988e-15
-9.06287e-15 -2.93415e-15
-1.19679e-14 -3.44037e-15
-5.86843e-15 -1.69865e-15
-6.0706e-15 3.6022e-16
-9.73428e-15 -2.94283e-15
-5.02735e-15 -1.28157e-15
-7.61195e-15 -1.74783e-15
-1.01207e-14 -1.76094e-15
-6.65731e-15 -1.49969e-15
-9.3424e-15 -2.89348e-15
-1.13395e-14 -3.64699e-15
-8.64315e-15 -2.33235e-15
-7.49924e-15 -1.07107e-15
-9.38097e-15 -2.00457e-15
-7.32758e-15 -2.01167e-15
-1.00581e-14 -1.30129e-15
-7.92658e-15 -1.16431e-15
-1.03821e-14 -1.64062e-15
-8.00423e-15 -2.65085e-15
-9.82852e-15 -3.73724e-15
-8.24708e-15 -3.23061e-15
-7.52468e-15 -1.71937e-15
-1.06309e-14 -1.1638e-15
-8.86812e-15 -3.38754e-15
-8.65115e-15 -2.25133e-15
-7.02835e-15 -4.83194e-16
-1.10121e-14 -2.57731e-15
-8.49109e-15 -2.2947e-15
-9.06126e-15 -1.40262e-15
-1.00862e-14 -2.05993e-15
-1.12577e-14 -4.10767e-15
-9.8441e-15 -3.5372e-15
-1.05289e-14 -2.32328e-15
-8.90956e-15 -8.49663e-16
-9.46055e-15 -1.80511e-15
-9.89664e-15 -1.91589e-15
-1.08817e-14 -3.6102e-15
-6.43259e-15 -8.66882e-16
-7.41905e-15 -1.62327e-15
-9.4284e-15 -3.30722e-15
-7.67419e-15 -5.06698e-16
-1.01678e-14 -3.11974e-15
-9.27363e-15 -3.28958e-15
-7.51814e-15 -1.59318e-15
-1.08417e-14 -2.62959e-15
-1.07428e-14 -3.42571e-15
-8.70711e-15 -3.22363e-15
-6.71054e-15 -1.38957e-15
-7.71449e-15 -1.42904e-15
-1.01771e-14 -2.73828e-15
-8.90898e-15 -3.44715e-15
-7.53866e-15 -2.82334e-15
-9.31122e-15 -1.67568e-15
-8.12404e-15 -1.59815e-15
-1.06748e-14 -3.94931e-15
-1.08923e-14 -2.58672e-15
-1.00487e-14 -1.04151e-15
-1.07125e-14 -2.28257e-15
-8.41301e-15 -2.82467e-15
-1.10689e-14 -2.95073e-15
-6.25126e-15 -2.01863e-15
-9.17265e-15 -1.12729e-15
-9.50475e-15 -3.71689e-15
-1.11573e-14 -2.985e-15
-9.65584e-15 -2.86525e-15
-1.03226e-14 -2.01087e-15
-8.00573e-15 -1.15796e-15
-9.65263e-15 -2.47612e-15
-1.15315e-14 -3.22205e-15
-6.41034e-15 -9.05926e-16
-1.05952e-14 -3.62508e-15
-7.5611e-15 -2.83047e-15
-7.91584e-15 -2.49192e-15
-1.02806e-14 -1.29198e-15
-1.06881e-14 -3.57108e-15
-1.07077e-14 -1.84233e-15
-1.05749e-14 -3.70159e-15
-5.01121e-15 -2.07856e-16
-7.13805e-15 -8.2516e-16
-7.59333e-15 -2.68915e-15
-7.50645e-15 -2.71601e-15
-8.88472e-15 -8.66389e-16
-1.01557e-14 -2.23088e-15
-7.19491e-15 -2.3908e-15
-8.7081e-15 -9.41807e-16
-8.5678e-15 -3.39639e-15
-7.74567e-15 -2.48075e-15
-1.08933e-14 -2.50034e-15
-1.03662e-14 -2.45304e-15
-9.92004e-15 -2.0934e-15
-7.25929e-15 -1.36666e-15
-1.03697e-14 -3.77296e-15
-1.06784e-14 -2.97559e-15
-1.12753e-14 -3.79883e-15
-7.45709e-15 -1.79137e-15
-6.9553e-15 -2.05615e-15
-8.02364e-15 -5.42349e-16
-8.06095e-15 -5.66038e-16
-7.82728e-15 -5.42519e-16
-8.4069e-15 -7.72858e-16
-7.30273e-15 -1.19126e-15
-8.38295e-15 -2.69344e-15
-8.64582e-15 -3.10671e-15
-9.45471e-15 -1.25798e-15
-1.11751e-14 -3.45874e-15
-8.39312e-15 -6.14763e-16
-1.06804e-14 -1.57493e-15
-1.03032e-14 -1.30834e-15
-1.06458e-14 -1.19334e-15
-1.05334e-14 -1.43643e-15
-9.01878e-15 -3.35788e-15
-9.17281e-15 -2.18324e-15
-8.1487e-15 -3.42711e-15
-8.84143e-15 -3.52869e-15
-1.02129e-14 -1.28242e-15
-1.01623e-14 -2.39208e-15
-9.68081e-15 -1.43654e-15
-1.06548e-14 -1.60708e-15
-7.04774e-15 -9.27878e-16
-9.49391e-15 -3.17687e-15
-9.9102e-15 -3.03428e-15
-7.73853e-15 -5.72254e-16
-7.30848e-15 -2.50529e-15
-8.04771e-15 -2.4384e-15
-6.71941e-15 -1.34173e-15
-9.73924e-15 -1.34737e-15
-7.58691e-15 -2.94948e-15
-1.12123e-14 -2.53668e-15
-7.08436e-15 -9.37295e-16
-6.63628e-15 -2.00654e-15
-8.70457e-15 -2.91475e-15
-8.97551e-15 -3.63715e-15
-8.99865e-15 -9.1312e-16
-8.72888e-15 -1.23119e-15
-9.87186e-15 -1.38104e-15
-1.11715e-14 -2.81275e-15
-9.25024e-15 -1.84514e-15
-9.49955e-15 -1.30878e-15
-7.11764e-15 -1.04193e-15
-6.46942e-15 -3.48404e-16
-9.53279e-15 -2.85424e-15
-1.08643e-14 -2.37916e-15
-9.2808e-15 -3.06745e-15
-8.49091e-15 -2.34055e-15
-1.00176e-14 -1.76999e-15
-1.03922e-14 -2.59718e-15
-8.35813e-15 -3.25288e-15
-1.12318e-14 -2.78486e-15
-1.07372e-14 -2.70916e-15
-6.26096e-15 -2.00586e-15
-1.00801e-14 -1.37709e-15
-1.04987e-14 -2.85162e-15
-8.50317e-15 -2.01745e-15
-8.61363e-15 -8.53009e-16
-6.81232e-15 -1.16974e-15
-6.64735e-15 -2.24801e-15
-9.07009e-15 -3.04807e-15
-1.05385e-14 -3.82167e-15
-8.04927e-15 -8.32521e-16
-7.92922e-15 -2.63786e-15
-8.80652e-15 -2.81264e-15
-8.92579e-15 -1.66566e-15
-7.33084e-15 -2.32761e-15
-9.49194e-15 -3.09204e-15
-9.26759e-15 -3.56512e-15
-9.88118e-15 -2.17842e-15
-1.0563e-14 -2.59996e-15
-1.00474e-14 -2.67716e-15
-6.73995e-15 -1.30679e-15
-8.87497e-15 -3.05685e-15
-9.96132e-15 -1.08161e-15
-8.4085e-15 -2.77542e-15
-7.86999e-15 -1.09368e-15
-9.8522e-15 -1.60215e-15
-8.52487e-15 -2.09652e-15
-6.75569e-15 -2.13169e-15
-8.91845e-15 -2.52313e-15
-9.72144e-15 -1.239e-15
-9.86106e-15 -1.98313e-15
-8.12789e-15 -8.34741e-16
-8.52097e-15 -2.3852e-15
-1.03156e-14 -1.31494e-15
-7.30913e-15 -2.79208e-15
-1.07929e-14 -3.21654e-15
-8.7034e-15 -8.53599e-16
-8.83564e-15 -8.09057e-16
-1.12751e-14 -2.38645e-15
-8.15852e-15 -5.25974e-16
-1.0143e-14 -1.86855e-15
-9.79857e-15 -3.79968e-15
-8.71714e-15 -2.08527e-15
-9.32431e-15 -2.90378e-15
-7.88026e-15 -2.64936e-15
-9.74021e-15 -9.21328e-16
-1.08062e-14 -2.39728e-15
-1.03009e-14 -2.77433e-15
-9.99374e-15 -1.80143e-15
-8.04627e-15 -2.11486e-15
-7.03813e-15 -2.58355e-15
-6.22043e-15 -1.11561e-15
-9.46693e-15 -3.77917e-15
-8.42891e-15 -9.0978e-16
-1.17961e-14 -2.20395e-15
-1.02132e-14 -3.85163e-15
-8.61448e-15 -7.94656e-16
-9.34295e-15 -1.88135e-15
-8.91123e-15 -5.14901e-16
-7.97274e-15 -3.08116e-15
-8.3671e-15 -8.69561e-16
-1.10622e-14 -3.12615e-15
-1.02499e-14 -3.86485e-15
-6.99364e-15 -2.52461e-15
-7.90547e-15 -8.95324e-16
-6.90393e-15 -1.0683e-15
-8.3628e-15 -6.73887e-16
-8.43015e-15 -2.00509e-15
-1.07384e-14 -2.33231e-15
-7.32208e-15 -1.75705e-15
-1.01929e-14 -3.02177e-15
-7.96354e-15 -3.39116e-17
-9.10584e-15 -3.39262e-15
-9.49292e-15 -1.37217e-15
-6.50029e-15 -2.12525e-15
-8.60735e-15 -1.08359e-15
-1.09105e-14 -3.65926e-15
-1.07716e-14 -3.82275e-15
-6.85477e-15 -5.55482e-16
-8.00717e-15 -4.00324e-16
-6.88702e-15 -1.32474e-15
-1.12863e-14 -2.84498e-15
-1.05443e-14 -2.72128e-15
-8.32459e-15 -8.81451e-16
-9.56156e-15 -8.42101e-16
-7.4989e-15 -2.19607e-15
-1.02464e-14 -2.41432e-15
-6.62782e-15 -5.25712e-16
-1.00121e-14 -3.59832e-15
-1.02436e-14 -2.0315e-15
-7.30031e-15 -1.06526e-15
-7.38211e-15 -5.67838e-16
-7.28406e-15 -2.29415e-15
-9.96453e-15 -2.59758e-15
-7.52252e-15 -4.33816e-16
-6.87938e-15 -1.5266e-15
-1.0788e-14 -2.30062e-15
-7.02307e-15 -2.47964e-15
-7.93562e-15 -2.8272e-15
-8.32401e-15 -2.44225e-15
-1.03444e-14 -3.08494e-15
-1.13919e-14 -2.9117e-15
-8.82992e-15 -1.20432e-15
-1.07245e-14 -3.0975e-15
-8.27417e-15 -6.27133e-16
-7.09875e-15 -2.81386e-15
-1.16109e-14 -2.92296e-15
-1.06556e-14 -3.70982e-15
-9.00766e-15 -3.30228e-15
-6.91011e-15 -8.09374e-16
-9.69061e-15 -2.94293e-15
-8.37922e-15 -3.30713e-15
-1.07895e-14 -1.44887e-15
-9.53083e-15 -3.56118e-15
-7.97227e-15 -1.30032e-15
-9.74313e-15 -2.90848e-15
-6.58301e-15 -2.14279e-15
-8.32288e-15 -6.31673e-16
-9.60896e-15 -1.07847e-15
-7.10723e-15 -1.93433e-15
-8.20036e-15 -1.42918e-15
-1.11081e-14 -1.82232e-15
-1.07018e-14 -2.31141e-15
-7.45034e-15 -2.18905e-15
-7.40226e-15 -2.42959e-15
-1.00854e-14 -3.7591e-15
-8.89453e-15 -3.40453e-15
-8.26208e-15 -5.51557e-16
-1.00929e-14 -2.65778e-15
-1.0122e-14 -1.99534e-15
-9.49004e-15 -3.43844e-15
-9.86928e-15 -1.55046e-15
-1.09566e-14 -2.40579e-15
-8.10865e-15 -7.69317e-16
-9.05128e-15 -1.61046e-15
-7.87158e-15 -5.24254e-16
-1.00546e-14 -1.75161e-15
-8.54039e-15 -2.71134e-15
-7.28672e-15 -1.6017e-15
-7.7449e-15 -1.55359e-15
-9.13908e-15 -2.24305e-15
-1.03623e-14 -1.89472e-15
-9.393e-15 -1.14969e-15
-8.26942e-15 -1.90194e-15
-1.10801e-14 -1.90112e-15
-8.92986e-15 -1.62789e-15
-8.43596e-15 -1.48044e-15
-7.64919e-15 -2.69011e-15
-6.59248e-15 -1.84307e-15
-6.89927e-15 -1.66573e-15
-9.54002e-15 -1.30342e-15
-1.10151e-14 -3.65662e-15
-1.07509e-14 -2.81849e-15
-9.36266e-15 -1.30011e-15
-1.08307e-14 -3.41861e-15
-9.3837e-15 -1.01121e-15
-8.24392e-15 -2.18196e-15
-7.32671e-15 -3.38425e-16
-1.02225e-14 -3.12896e-15
-7.00715e-15 -1.39054e-15
-6.61411e-15 -1.01886e-15
-8.20713e-15 -3.27322e-15
-1.03395e-14 -1.72145e-15
-7.0368e-15 -2.49183e-15
-1.03726e-14 -2.92106e-15
-9.47502e-15 -3.39693e-15
-6.97844e-15 -1.99208e-15
-9.35164e-15 -1.3735e-15
-1.02212e-14 -1.17394e-15
-1.05373e-14 -3.76742e-15
-7.86212e-15 -2.84738e-15
-7.34889e-15 -9.51412e-16
-9.11783e-15 -3.47502e-15
-1.04261e-14 -3.76118e-15
-9.01193e-15 -3.54526e-15
-9.08418e-15 -2.72505e-15
-7.55741e-15 -1.33795e-15
-8.52521e-15 -3.40014e-15
-8.18599e-15 -2.32443e-15
-7.89165e-15 -1.19807e-15
-1.11498e-14 -3.67515e-15
-7.69761e-15 -2.69256e-15
-7.09534e-15 -5.09383e-16
-1.09027e-14 -3.42444e-15
-1.04233e-14 -2.90838e-15
-1.02402e-14 -5.50084e-16
-9.95648e-15 -1.46387e-15
-7.14659e-15 -1.17619e-15
-1.0294e-14 -3.24327e-15
-8.7235e-15 -3.94495e-15
-9.03646e-15 -3.60442e-15
-8.9041e-15 -2.23662e-15
-8.35753e-15 -1.66599e-15
-6.9969e-15 -2.27032e-15
-7.1012e-15 -3.39064e-16
-9.23828e-15 -3.76138e-15
-1.01418e-14 -3.29945e-15
-9.30626e-15 -3.42627e-15
-7.99739e-15 -9.81782e-16
-1.01344e-14 -2.09609e-15
-8.37228e-15 -1.1881e-15
-7.20326e-15 -1.72655e-15
-9.00967e-15 -1.48597e-15
-1.15524e-14 -2.78963e-15
-9.92744e-15 -3.6889e-15
-1.00936e-14 -2.5044e-15
-1.10566e-14 -2.54558e-15
-1.03511e-14 -3.66324e-15
-8.52278e-15 -2.34883e-15
-1.11831e-14 -3.49735e-15
-1.07164e-14 -1.63608e-15
-1.09811e-14 -2.46451e-15
-1.01169e-14 -2.65647e-15
-7.05297e-15 -2.60266e-15
-1.00119e-14 -2.56343e-15
-9.40353e-15 -1.13536e-15
-9.50393e-15 -2.14471e-15
-9.93026e-15 -1.92302e-15
-6.83526e-15 -1.42556e-15
-8.6446e-15 -1.22169e-15
-7.04085e-15 -1.01858e-15
-1.05894e-14 -3.72919e-15
-9.22171e-15 -1.49709e-15
-1.08606e-14 -3.94423e-15
-7.32045e-15 -5.91699e-16
-6.63709e-15 -1.97462e-15
-1.00729e-14 -2.48516e-15
-1.02569e-14 -1.57729e-15
-8.10917e-15 -2.4485e-15
-8.47805e-15 -1.3796e-15
-1.11576e-14 -3.86505e-15
-6.49889e-15 -1.10062e-15
-6.49621e-15 -1.57812e-15
-8.85188e-15 -3.08633e-15
-6.50643e-15 -2.19245e-15
-7.63101e-15 -5.76215e-16
-6.4905e-15 -1.82071e-15
-8.07048e-15 -3.0692e-15
-1.02936e-14 -2.25641e-15
-8.23941e-15 -3.1896e-15
-8.12525e-15 -1.02463e-15
-7.40213e-15 -2.37271e-15
-9.37396e-15 -9.90299e-16
-6.90232e-15 -1.42327e-15
-8.48314e-15 -9.36036e-16
-8.23579e-15 -1.78342e-15
-1.08505e-14 -2.98219e-15
-6.50729e-15 -2.12393e-15
-7.93237e-15 -7.25851e-16
-5.92055e-15 -1.83406e-15
-6.65387e-15 -4.71296e-16
-1.0058e-14 -2.81776e-15
-8.45682e-15 -8.34428e-16
-7.25232e-15 -8.83307e-16
-1.05044e-14 -2.24435e-15
-6.1488e-15 -1.46028e-15
-9.97244e-15 -1.99871e-15
-9.47508e-15 -1.4752e-15
-9.87094e-15 -2.73873e-15
-8.72347e-15 -3.45116e-15
-9.53309e-15 -1.05431e-15
-7.51431e-15 -2.80182e-15
-1.1397e-14 -2.98262e-15
-1.10615e-14 -2.53445e-15
-8.30532e-15 -3.30299e-15
-1.03217e-14 -1.40806e-15
-1.00619e-14 -3.61397e-15
-6.6838e-15 -1.25864e-15
-9.38955e-15 -2.8642e-15
-1.10864e-14 -2.78025e-15
-7.60966e-15 -1.49448e-15
-8.66976e-15 -3.24064e-15
-6.55331e-15 -6.3863e-16
-1.19442e-14 -3.53509e-15
-6.99816e-15 -1.64616e-15
-1.08962e-14 -3.1783e-15
-1.0679e-14 -2.45952e-15
-7.19618e-15 -5.14598e-16
-6.28033e-15 -2.04068e-15
-8.33197e-15 -6.65342e-16
-1.22351e-14 -3.5743e-15
-9.91893e-15 -3.68708e-15
-1.02409e-14 -1.33778e-15
-9.58496e-15 -2.35361e-15
-5.94303e-15 -1.13877e-15
-9.36647e-15 -1.90367e-15
-8.2533e-15 -3.92972e-16
-8.9344e-15 -2.77185e-15
-1.00136e-14 -1.43943e-15
-8.45471e-15 -4.60439e-16
-9.42925e-15 -2.07288e-15
-1.00711e-14 -2.36467e-15
-9.99033e-15 -2.51792e-15
-1.02907e-14 -2.61323e-15
-7.27115e-15 -1.50556e-15
-1.11006e-14 -2.65006e-15
-9.44908e-15 -2.98757e-15
-9.93919e-15 -2.71699e-15
-1.13597e-14 -3.26117e-15
-6.9741e-15 -2.69425e-15
-1.00435e-14 -1.2766e-15
-9.35247e-15 -2.07062e-15
-8.42915e-15 -2.59436e-15
-8.29447e-15 -3.08661e-15
-9.6714e-15 -9.61787e-16
-9.98976e-15 -3.55659e-15
-8.6297e-15 -9.69415e-16
-9.79052e-15 -3.75712e-15
-7.05355e-15 -2.32648e-15
-9.16855e-15 -1.163e-15
-7.84187e-15 -1.15073e-15
-9.82017e-15 -3.69439e-15
-1.00357e-14 -2.99408e-15
-7.93919e-15 -1.20299e-15
-1.00986e-14 -1.43806e-15
-7.31661e-15 -2.2717e-16
-1.18972e-14 -3.08707e-15
-8.01556e-15 -9.4811e-16
-7.0236e-15 -1.38249e-15
-6.45099e-15 -2.32771e-15
-1.07183e-14 -2.91158e-15
-6.7169e-15 -2.01798e-15
-6.78109e-15 -1.5334e-15
-7.8738e-15 -1.52905e-15
-8.77253e-15 -3.18387e-15
-7.75478e-15 -5.06364e-16
-1.07386e-14 -1.99889e-15
-7.60997e-15 -2.30029e-15
-6.21922e-15 -1.16001e-15
-9.40575e-15 -1.62916e-15
-7.97728e-15 -1.96364e-15
-8.99203e-15 -1.89662e-15
-9.71364e-15 -3.59497e-15
-8.70901e-15 -3.70504e-15
-1.00746e-14 -1.65908e-15
-1.20092e-14 -2.78908e-15
-7.65865e-15 -8.02183e-16
-8.33548e-15 -2.97685e-15
-7.54046e-15 -2.28349e-15
-1.16385e-14 -1.91301e-15
-5.84553e-15 -1.73772e-15
-1.12875e-14 -2.82209e-15
-9.68258e-15 -9.95972e-16
-8.60752e-15 -1.55e-15
-1.06571e-14 -3.44046e-15
-1.18159e-14 -3.44992e-15
-7.13639e-15 -1.9355e-15
-8.45241e-15 -8.8423e-16
-8.41379e-15 -7.7051e-16
-7.97865e-15 -2.71662e-15
-7.49534e-15 -2.22146e-15
-8.87724e-15 -8.53084e-16
-8.26761e-15 -1.0567e-15
-8.32215e-15 -2.57797e-15
-6.97477e-15 -1.36013e-15
-1.15398e-14 -2.62849e-15
-1.14805e-14 -3.37012e-15
-6.79983e-15 -2.78245e-15
-7.59908e-15 -2.78681e-15
-9.8658e-15 -2.6796e-15
-9.83031e-15 -3.64539e-15
-8.62941e-15 -2.83019e-15
-1.04244e-14 -3.21291e-15
-8.33888e-15 -9.29827e-16
-7.04732e-15 -2.1281e-15
-9.07651e-15 -1.1044e-15
-8.36421e-15 -1.04435e-15
-1.14868e-14 -3.27125e-15
-7.66791e-15 -9.4738e-16
-9.37147e-15 -3.74007e-15
-9.14568e-15 -2.28299e-15
-1.14562e-14 -3.51943e-15
-1.01678e-14 -3.08271e-15
-8.43057e-15 -1.40961e-15
-8.59198e-15 -3.65556e-15
-9.27874e-15 -2.16981e-15
-1.0931e-14 -1.02581e-15
-7.16544e-15 -1.33799e-15
-7.74691e-15 -1.36347e-15
-9.13032e-15 -1.4313e-15
-9.14977e-15 -1.272e-15
-1.05094e-14 -2.65545e-15
-1.10918e-14 -2.98132e-15
-7.50908e-15 -2.85935e-15
-8.78952e-15 -3.14802e-15
-9.53744e-15 -3.49913e-15
-7.93795e-15 -6.43066e-16
-5.9548e-15 -6.63277e-16
-8.18345e-15 -5.87105e-16
-7.65148e-15 -2.12665e-15
-8.9234e-15 -2.8395e-15
-6.1034e-15 -1.86603e-15
-1.05506e-14 -3.79617e-15
-8.24063e-15 -3.34007e-15
-1.11614e-14 -2.57838e-15
-7.73892e-15 -7.57081e-16
-1.00508e-14 -2.90157e-15
-9.03265e-15 -1.72554e-15
-1.03059e-14 -2.32293e-15
-9.57242e-15 -1.478e-15
-6.18339e-15 -1.49329e-15
-9.1149e-15 -3.51239e-15
-7.29971e-15 -2.18624e-15
-1.03661e-14 -1.53406e-15
-5.94318e-15 -1.14676e-15
-9.02584e-15 -2.68793e-15
-9.58872e-15 -3.13733e-15
-7.73531e-15 -2.02664e-15
-6.93521e-15 -2.07483e-15
-9.80545e-15 -3.68988e-15
-6.00501e-15 -8.7986e-16
-1.10898e-14 -3.31636e-15
-7.93204e-15 -1.62568e-15
-9.60593e-15 -2.90546e-15
-7.46028e-15 -2.48967e-15
-9.17046e-15 -1.97129e-15
-6.77552e-15 -6.36073e-16
-1.09831e-14 -3.7116e-15
-1.03321e-14 -2.51173e-15
-9.87061e-15 -1.22214e-15
-7.68636e-15 -2.58542e-15
-7.89092e-15 -2.71771e-15
-8.75289e-15 -2.56892e-15
-7.76455e-15 -5.86018e-16
-6.95522e-15 -9.64805e-16
-7.65875e-15 -1.59009e-15
-8.93572e-15 -9.95542e-16
-1.03065e-14 -2.45715e-15
-9.73715e-15 -1.02757e-15
-8.58572e-15 -3.37321e-15
-1.05945e-14 -3.16094e-15
-1.18759e-14 -2.66139e-15
-8.18665e-15 -3.20912e-15
-9.17725e-15 -3.47955e-15
-8.8631e-15 -2.76546e-15
-7.88543e-15 -1.3673e-15
-1.01608e-14 -1.22776e-15
-7.61432e-15 -2.70104e-15
-9.94162e-15 -1.78723e-15
-8.58537e-15 -2.79519e-15
-1.19955e-14 -3.13028e-15
-9.07362e-15 -3.2862e-15
-1.06926e-14 -1.30748e-15
-8.35705e-15 -1.53803e-15
-9.5549e-15 -3.19912e-15
-1.08402e-14 -3.56333e-15
-1.20431e-14 -3.44552e-15
-6.98485e-15 -1.74947e-15
-1.0115e-14 -2.20323e-15
-1.15943e-14 -3.27158e-15
-9.15801e-15 -9.61846e-16
-6.45835e-15 -1.93116e-15
-6.69936e-15 -2.46702e-15
-8.9212e-15 -9.12207e-16
-7.95373e-15 -2.55669e-15
-9.56902e-15 -3.23551e-15
-9.92212e-15 -3.04678e-15
-8.79783e-15 -3.07644e-15
-7.11509e-15 -9.82746e-16
-8.82612e-15 -3.54106e-15
-6.97234e-15 -1.66921e-15
-8.22791e-15 -3.04342e-15
-8.65141e-15 -1.02731e-15
-8.47679e-15 -3.40685e-15
-7.7044e-15 -2.66253e-15
-9.40359e-15 -2.00076e-15
-7.88895e-15 -1.45304e-15
-1.00122e-14 -1.37924e-15
-1.04996e-14 -1.45146e-15
-7.88956e-15 -1.62583e-15
-1.00236e-14 -2.46738e-15
-6.90608e-15 -2.29038e-15
-1.13653e-14 -3.72053e-15
-9.08591e-15 -1.51634e-15
-8.9573e-15 -3.1678e-15
-8.60207e-15 -3.22439e-15
-1.09012e-14 -2.06521e-15
-1.19697e-14 -2.15712e-15
-8.58967e-15 -2.02369e-15
-9.16889e-15 -1.66134e-15
-1.0938e-14 -2.51646e-15
-1.12615e-14 -2.12773e-15
-1.02263e-14 -3.05009e-15
-6.68341e-15 -2.28944e-15
-1.15383e-14 -2.45307e-15
-6.94987e-15 -2.20495e-15
-7.62429e-15 -3.1796e-15
-1.11493e-14 -3.0695e-15
-1.09414e-14 -3.62209e-15
-9.0849e-15 -1.28397e-15
-1.1203e-14 -2.78956e-15
-6.51392e-15 -9.80676e-16
-5.86647e-15 -9.27186e-16
