0 0
0.000166456 4.21366e-06
-1.8611e-05 5.439e-05
-8.96753e-05 -8.57245e-05
-2.35982e-05 4.13274e-05
-0.000205265 -6.58095e-05
5.84325e-05 -5.41753e-06
-2.52491e-05 4.47788e-05
9.36451e-05 -4.11961e-05
0.000167733 9.71913e-05
-3.46857e-05 -3.86749e-05
0.000100263 1.72171e-05
-0.000155139 2.26865e-06
-8.31838e-05 -8.13609e-05
-5.06147e-05 5.06497e-05
-0.000107622 -6.9795e-05
0.000162766 5.12394e-05
7.26583e-06 2.7863e-05
0.000150541 -1.80321e-05
6.07654e-05 7.87344e-05
-9.72957e-05 -7.74084e-05
1.40416e-05 2.80745e-05
-0.000213285 -4.08379e-05
1.41339e-06 -4.26778e-05
-1.85869e-05 5.84367e-05
2.67833e-05 -5.41459e-05
0.00019995 8.7984e-05
-1.83132e-05 -8.98027e-06
0.000118246 -3.87748e-06
-8.78685e-05 3.55551e-05
-0.000120738 -9.3747e-05
-2.81792e-05 4.40401e-05
-0.000161133 -5.98409e-05
0.000123356 1.50533e-05
1.94296e-05 5.25548e-05
0.000115247 -3.57582e-05
0.000132588 9.02847e-05
-8.96512e-05 -5.61293e-05
4.31503e-05 8.43218e-06
-0.000190838 -1.03908e-05
-6.07289e-05 -7.36574e-05
-8.58299e-06 6.20925e-05
-4.04436e-05 -5.68236e-05
0.000204844 6.54903e-05
6.58392e-06 2.34768e-05
0.000117834 -2.37931e-05
-8.48903e-06 6.17717e-05
-0.000143626 -9.12076e-05
-7.68085e-06 2.79533e-05
-0.000190111 -4.01907e-05
6.39436e-05 -2.34908e-05
3.35252e-05 6.96777e-05
6.69545e-05 -4.58984e-05
0.000186484 8.76305e-05
-6.59539e-05 -2.51519e-05
6.04059e-05 -1.3678e-05
-0.000141831 2.01176e-05
-0.00011859 -9.32029e-05
7.3673e-07 5.4423e-05
-9.83598e-05 -4.90969e-05
0.000180908 3.33058e-05
3.65887e-05 5.34536e-05
0.000101223 -3.86921e-05
7.13692e-05 7.70035e-05
-0.000146524 -7.39652e-05
6.8243e-06 5.13119e-06
-0.000191118 -1.47091e-05
-7.6784e-06 -5.82798e-05
4.56582e-05 7.5894e-05
1.35201e-05 -4.67857e-05
0.000214677 7.16017e-05
-2.83097e-05 1.06489e-05
6.50757e-05 -3.38569e-05
-7.41343e-05 4.54903e-05
-0.000162721 -9.80103e-05
5.57199e-06 3.61332e-05
-0.000139025 -3.27001e-05
0.000130783 -3.48183e-06
6.68401e-05 7.59899e-05
7.28126e-05 -4.57482e-05
0.000140253 7.93174e-05
-0.000127174 -4.47167e-05
1.32329e-05 -2.02506e-05
-0.000165124 1.1772e-05
-8.13646e-05 -8.37236e-05
5.17458e-05 6.95392e-05
-3.69376e-05 -3.84176e-05
0.000213071 4.50633e-05
1.85295e-05 4.56074e-05
5.87946e-05 -4.80897e-05
1.81442e-06 6.16835e-05
-0.00018529 -8.72428e-05
3.32836e-06 9.96275e-06
-0.000157455 -1.09536e-05
6.10265e-05 -3.90575e-05
9.1786e-05 8.71777e-05
3.83166e-05 -4.35964e-05
0.000188576 6.8953e-05
-8.69429e-05 -8.13399e-06
1.1713e-05 -4.33902e-05
-0.000117236 3.43898e-05
-0.000146093 -9.57234e-05
4.8397e-05 5.10149e-05
-7.72654e-05 -2.24732e-05
0.000181807 1.24349e-05
6.7868e-05 7.41717e-05
4.49304e-05 -5.3487e-05
7.47646e-05 6.64674e-05
-0.000181559 -6.26864e-05
-6.6403e-06 -1.97195e-05
-0.000152359 1.18323e-05
-1.8692e-05 -6.77876e-05
0.000106084 8.47954e-05
3.77979e-06 -3.25364e-05
0.000209936 4.81563e-05
-3.07244e-05 2.99625e-05
4.4644e-06 -5.97993e-05
-5.56884e-05 4.91889e-05
-0.000191728 -9.24142e-05
3.37854e-05 2.28619e-05
-0.000102359 -2.0597e-06
0.00012526 -2.09967e-05
0.000112079 9.17545e-05
2.77312e-05 -4.87792e-05
0.000134428 5.97028e-05
-0.000150843 -2.84107e-05
-2.27433e-05 -4.76814e-05
-0.000126231 3.11811e-05
-9.69178e-05 -8.51468e-05
0.000105548 6.87242e-05
-2.53841e-05 -1.44812e-05
0.00020191 2.07259e-05
3.37841e-05 6.35784e-05
-4.97674e-06 -6.61649e-05
9.6748e-06 5.3852e-05
-0.000210748 -7.4516e-05
8.31806e-06 -1.05491e-05
-0.000109919 1.88035e-05
5.14668e-05 -4.98926e-05
0.000143768 9.54249e-05
1.1439e-05 -3.45069e-05
0.00017296 4.32219e-05
-9.67406e-05 9.98145e-06
-4.14235e-05 -6.88062e-05
-8.47535e-05 4.33395e-05
-0.000162114 -8.85034e-05
8.80304e-05 4.10722e-05
-4.52243e-05 7.33618e-06
0.000166282 -8.63449e-06
9.72567e-05 8.74917e-05
-1.26764e-05 -6.0957e-05
6.91029e-05 4.80678e-05
-0.000199609 -4.51979e-05
-2.51029e-05 -4.37029e-05
-0.00010073 3.59085e-05
-2.89817e-05 -6.97056e-05
0.000156923 8.4366e-05
-4.86335e-07 -1.29127e-05
0.000185952 2.03875e-05
-2.66164e-05 4.63452e-05
-5.79339e-05 -7.90701e-05
-3.5624e-05 4.60373e-05
-0.000204488 -7.76017e-05
5.40726e-05 5.94966e-06
-5.38446e-05 2.88701e-05
0.000108705 -3.50646e-05
0.00015015 9.80324e-05
-1.52462e-05 -4.46836e-05
0.000114479 3.34795e-05
-0.000159418 -9.47983e-06
-6.13608e-05 -7.08974e-05
-7.836e-05 4.56764e-05
-0.000104454 -7.74331e-05
0.000147935 6.00436e-05
-5.94732e-06 1.24238e-05
0.000172854 -4.55371e-06
4.95576e-05 7.50189e-05
-6.74269e-05 -7.63055e-05
1.29367e-05 3.89356e-05
-0.000217625 -5.46169e-05
7.18214e-06 -3.11156e-05
-5.16482e-05 4.59356e-05
3.78535e-05 -5.43062e-05
0.000184128 9.36047e-05
-1.0594e-05 -1.97803e-05
0.000140438 1.32629e-05
-9.57997e-05 2.66974e-05
-9.39559e-05 -8.72915e-05
-4.83284e-05 4.59051e-05
-0.000164031 -7.21457e-05
0.000116343 2.60503e-05
-4.53981e-06 3.71452e-05
0.000136834 -2.72013e-05
0.000120747 9.17033e-05
-6.60802e-05 -6.05954e-05
5.36567e-05 2.36594e-05
-0.000199586 -2.37477e-05
-4.64188e-05 -6.40638e-05
-4.11599e-05 5.49648e-05
-3.58387e-05 -6.33807e-05
0.000193322 7.49059e-05
1.63242e-06 9.81013e-06
0.000144924 -8.54215e-06
-1.79727e-05 5.75275e-05
-0.000116237 -8.9817e-05
-1.69005e-05 3.627e-05
-0.000199214 -5.51693e-05
6.51809e-05 -1.23826e-05
2.39956e-06 5.68027e-05
8.41594e-05 -4.37088e-05
0.000176517 9.40703e-05
-5.19969e-05 -3.42419e-05
8.1364e-05 3.4187e-06
-0.00015324 9.58115e-06
-9.86134e-05 -8.73511e-05
-2.64147e-05 5.37211e-05
-0.000101718 -6.10881e-05
0.000175266 4.4827e-05
1.9943e-05 3.92739e-05
0.000129184 -2.77921e-05
6.27445e-05 7.83041e-05
-0.000122764 -7.77561e-05
1.02156e-05 1.84451e-05
-0.000205304 -2.98527e-05
8.17364e-07 -4.91711e-05
1.20544e-05 6.75934e-05
2.31869e-05 -5.13854e-05
0.000208557 8.20447e-05
-2.56983e-05 -1.3487e-06
9.36184e-05 -1.76759e-05
-8.57561e-05 3.97334e-05
-0.000140695 -9.69582e-05
-1.20061e-05 4.18237e-05
-0.000150523 -4.82325e-05
0.000131409 8.04315e-06
4.12211e-05 6.36787e-05
9.72982e-05 -4.09546e-05
0.000134708 8.61292e-05
-0.000110483 -5.28672e-05
2.89617e-05 -4.20571e-06
-0.000182146 -9.37774e-07
-6.7782e-05 -7.83659e-05
2.06963e-05 6.70501e-05
-3.69021e-05 -4.91252e-05
0.000211876 5.77542e-05
9.85772e-06 3.28734e-05
9.07751e-05 -3.54333e-05
-7.35505e-06 6.18721e-05
-0.000164928 -9.11414e-05
-1.98978e-06 2.09412e-05
-0.000175816 -2.75032e-05
6.70978e-05 -2.96734e-05
6.12131e-05 7.87445e-05
5.53552e-05 -4.56768e-05
0.000187683 8.02728e-05
-7.94569e-05 -1.90532e-05
3.75705e-05 -2.72983e-05
-0.000134084 2.6351e-05
-0.000130326 -9.51788e-05
2.45039e-05 5.45699e-05
-8.74834e-05 -3.76015e-05
0.000185534 2.51761e-05
4.9693e-05 6.29432e-05
7.55636e-05 -4.6362e-05
7.03917e-05 7.27597e-05
-0.000166029 -7.07594e-05
1.09029e-06 -5.42666e-06
-0.000174983 -2.99442e-06
-9.00133e-06 -6.2345e-05
7.52332e-05 8.15434e-05
1.04249e-05 -4.11483e-05
0.000214294 6.21733e-05
-3.30028e-05 1.83319e-05
3.66445e-05 -4.63034e-05
-6.91261e-05 4.73012e-05
-0.000176841 -9.68497e-05
2.04999e-05 3.16599e-05
-0.000121796 -1.91806e-05
0.000132847 -1.04706e-05
8.75597e-05 8.39579e-05
5.23411e-05 -4.82719e-05
0.000136388 7.12106e-05
-0.000142263 -3.91067e-05
-3.19922e-06 -3.2565e-05
-0.000149572 2.05696e-05
-8.60448e-05 -8.47656e-05
7.90165e-05 7.10365e-05
-3.05504e-05 -2.82279e-05
0.000211004 3.51214e-05
2.27592e-05 5.33843e-05
2.87211e-05 -5.7426e-05
2.51076e-06 5.85728e-05
-0.000199396 -8.3162e-05
7.40423e-06 1.80808e-06
-0.000135968 2.46608e-06
6.10044e-05 -4.35197e-05
0.000116899 9.23444e-05
2.61931e-05 -4.062e-05
0.000181641 5.81527e-05
-9.58867e-05 -1.30363e-06
-1.3118e-05 -5.54363e-05
-0.000104891 3.87594e-05
-0.000152602 -9.34009e-05
6.96163e-05 4.83548e-05
-6.18149e-05 -9.31966e-06
0.00017855 3.69939e-06
7.98268e-05 8.05899e-05
1.74901e-05 -5.83059e-05
7.01436e-05 5.87441e-05
-0.000193562 -5.64831e-05
-1.38269e-05 -3.00459e-05
-0.000129562 2.30199e-05
-1.98611e-05 -6.87476e-05
0.000131879 8.64288e-05
2.02973e-06 -2.45788e-05
0.000200462 3.63402e-05
-3.28781e-05 3.661e-05
-2.52341e-05 -6.96538e-05
-4.89305e-05 4.83115e-05
-0.000198469 -8.70287e-05
4.61953e-05 1.67453e-05
-7.96686e-05 1.19986e-05
0.000121803 -2.69422e-05
0.000129527 9.56628e-05
6.88143e-06 -4.84208e-05
0.000124319 4.84522e-05
-0.000159278 -2.1316e-05
-3.996e-05 -5.83688e-05
-0.000105505 3.83432e-05
-9.80964e-05 -8.22326e-05
0.000128404 6.67518e-05
-1.62142e-05 -2.84297e-06
0.000191121 9.80788e-06
3.79717e-05 6.86883e-05
-3.53071e-05 -7.23184e-05
9.14111e-06 4.77472e-05
-0.000216383 -6.6972e-05
1.05308e-05 -1.88599e-05
-8.30007e-05 3.15687e-05
4.90775e-05 -5.18843e-05
0.000163826 9.61777e-05
2.20848e-07 -2.9151e-05
0.000158161 3.01423e-05
-0.000100954 1.65331e-05
-6.60058e-05 -7.80563e-05
-6.939e-05 4.53161e-05
-0.000162265 -8.20367e-05
0.000104952 3.60738e-05
-2.61903e-05 2.07893e-05
0.000155924 -1.68233e-05
0.000106416 9.00141e-05
-3.9333e-05 -6.25515e-05
6.06e-05 3.76032e-05
-0.000203306 -3.6851e-05
-3.29438e-05 -5.26225e-05
-7.33658e-05 4.53989e-05
-2.90474e-05 -6.72183e-05
0.00017656 8.19323e-05
-4.12149e-07 -3.53175e-06
0.000168189 7.52119e-06
-2.67864e-05 5.09864e-05
-8.62109e-05 -8.54003e-05
-2.82933e-05 4.24936e-05
-0.000202947 -6.85649e-05
6.31094e-05 -9.66614e-07
-2.74827e-05 4.20143e-05
0.000100754 -3.90879e-05
0.0001623 9.74211e-05
-3.4494e-05 -4.16343e-05
9.85535e-05 2.02393e-05
-0.000160978 -1.89812e-06
-7.76597e-05 -7.88057e-05
-5.45488e-05 5.04456e-05
-0.000101265 -7.06942e-05
0.000164448 5.50033e-05
5.44339e-06 2.42391e-05
0.000154569 -1.51522e-05
5.25564e-05 7.67105e-05
-9.52912e-05 -7.87899e-05
1.06465e-05 3.04187e-05
-0.000214284 -4.45008e-05
7.66432e-06 -3.85294e-05
-2.16227e-05 5.67352e-05
3.4156e-05 -5.33748e-05
0.000197065 8.99224e-05
-1.98164e-05 -1.27658e-05
0.000118862 -7.036e-07
-9.56432e-05 3.20165e-05
-0.000115964 -9.28202e-05
-3.16771e-05 4.52717e-05
-0.000157242 -6.21217e-05
0.000127752 1.94785e-05
1.65465e-05 4.9459e-05
0.000120827 -3.3803e-05
0.000125596 8.99381e-05
-8.96107e-05 -5.90036e-05
4.15454e-05 1.15108e-05
-0.000194954 -1.43036e-05
-5.38581e-05 -7.05118e-05
-1.17304e-05 6.18e-05
-3.39419e-05 -5.75016e-05
0.000205014 6.88175e-05
3.56198e-06 1.94845e-05
0.000120491 -2.10497e-05
-1.69886e-05 5.94346e-05
-0.000140516 -9.20847e-05
-1.00575e-05 3.04217e-05
-0.000189232 -4.34236e-05
7.04818e-05 -1.91225e-05
3.01567e-05 6.76585e-05
7.3141e-05 -4.51986e-05
0.000181771 8.89819e-05
-6.8035e-05 -2.90533e-05
6.07154e-05 -1.04441e-05
-0.000148365 1.66419e-05
-0.000112222 -9.15989e-05
-1.8036e-06 5.56438e-05
-9.37012e-05 -5.10834e-05
0.000184183 3.74817e-05
3.25196e-05 4.99144e-05
0.000105325 -3.68731e-05
6.34477e-05 7.62197e-05
-0.000145739 -7.65102e-05
5.99123e-06 8.39848e-06
-0.0001933 -1.82967e-05
5.41769e-08 -5.46877e-05
4.25079e-05 7.53357e-05
1.93126e-05 -4.7453e-05
0.00021296 7.44006e-05
-3.229e-05 6.35589e-06
6.70628e-05 -3.10711e-05
-8.20154e-05 4.30419e-05
-0.000157951 -9.8226e-05
4.23668e-06 3.86984e-05
-0.000136864 -3.56215e-05
0.000136737 8.65404e-07
6.24165e-05 7.34998e-05
7.75689e-05 -4.51779e-05
0.000134097 8.01679e-05
-0.000128989 -4.85104e-05
1.40245e-05 -1.678e-05
-0.000169919 8.48432e-06
-7.36257e-05 -8.15056e-05
4.95186e-05 7.05892e-05
-3.24343e-05 -4.0326e-05
0.000214616 4.88336e-05
1.32185e-05 4.16216e-05
6.19333e-05 -4.62683e-05
-6.16141e-06 6.0652e-05
-0.000182991 -8.9243e-05
3.54398e-06 1.34496e-05
-0.000158019 -1.42655e-05
6.88068e-05 -3.52472e-05
8.78108e-05 8.61734e-05
4.28809e-05 -4.43791e-05
0.00018508 7.12476e-05
-9.1193e-05 -1.25509e-05
1.38661e-05 -4.03563e-05
-0.000123782 3.19902e-05
-0.000139587 -9.52479e-05
4.76606e-05 5.35467e-05
-7.47011e-05 -2.52761e-05
0.000186391 1.65515e-05
6.20504e-05 7.11427e-05
4.85232e-05 -5.29698e-05
6.79172e-05 6.6981e-05
-0.000182214 -6.61303e-05
-4.86199e-06 -1.59168e-05
-0.000155418 8.74801e-06
-1.02472e-05 -6.51374e-05
0.000103337 8.54807e-05
7.3887e-06 -3.45414e-05
0.000209574 5.14753e-05
-3.68249e-05 2.56442e-05
7.44013e-06 -5.77659e-05
-6.28727e-05 4.80891e-05
-0.000187533 -9.37517e-05
3.48459e-05 2.64837e-05
-0.000102034 -5.24491e-06
0.000132203 -1.72091e-05
0.000106705 9.01816e-05
3.10452e-05 -4.96749e-05
0.000129708 6.1618e-05
-0.00015445 -3.27159e-05
-1.97357e-05 -4.42418e-05
-0.000131145 2.89e-05
-8.91055e-05 -8.40874e-05
0.000104651 7.10288e-05
-2.32897e-05 -1.73629e-05
0.000204678 2.44949e-05
2.67416e-05 6.00562e-05
-1.87041e-06 -6.55167e-05
3.0161e-06 5.42143e-05
-0.000209593 -7.74242e-05
1.11361e-05 -6.43672e-06
-0.000111739 1.58273e-05
5.97223e-05 -4.70519e-05
0.000139763 9.5579e-05
1.38371e-05 -3.66788e-05
0.000170998 4.61617e-05
-0.00010281 5.53274e-06
-3.77999e-05 -6.6355e-05
-9.05972e-05 4.2284e-05
-0.000156159 -8.91951e-05
8.93183e-05 4.46523e-05
-4.49108e-05 4.08362e-06
0.000171709 -5.05007e-06
9.03591e-05 8.53281e-05
-1.01405e-05 -6.18338e-05
6.39847e-05 4.97832e-05
-0.000201735 -4.9167e-05
-2.09302e-05 -3.98052e-05
-0.000104226 3.37055e-05
-2.06672e-05 -6.82706e-05
0.000155039 8.62448e-05
5.61031e-07 -1.6003e-05
0.000186932 2.38153e-05
-3.42512e-05 4.24802e-05
-5.44617e-05 -7.80627e-05
-4.13636e-05 4.63943e-05
-0.000201336 -7.99021e-05
5.75125e-05 1.02342e-05
-5.52436e-05 2.58316e-05
0.000115928 -3.22584e-05
0.000144492 9.757e-05
-1.38539e-05 -4.69601e-05
0.000111609 3.61985e-05
-0.000164533 -1.38272e-05
-5.65425e-05 -6.78994e-05
-8.27835e-05 4.4676e-05
-9.73514e-05 -7.76237e-05
0.000148621 6.33662e-05
-6.41298e-06 8.93575e-06
0.000176507 -1.23951e-06
4.15154e-05 7.23539e-05
-6.48691e-05 -7.69446e-05
8.25089e-06 4.06222e-05
-0.000217779 -5.8105e-05
1.23454e-05 -2.68354e-05
-5.43714e-05 4.36761e-05
4.57498e-05 -5.27359e-05
0.000180644 9.49153e-05
-1.06856e-05 -2.30912e-05
0.00014012 1.64683e-05
-0.000103128 2.27025e-05
-8.93805e-05 -8.57311e-05
-5.28002e-05 4.63151e-05
-0.000159223 -7.39008e-05
0.00011965 3.02945e-05
-6.38262e-06 3.38602e-05
0.000142499 -2.45676e-05
0.000113529 9.06478e-05
-6.50415e-05 -6.27977e-05
5.07251e-05 2.63429e-05
-0.000203013 -2.78014e-05
-4.03094e-05 -6.0514e-05
-4.45726e-05 5.39262e-05
-2.84809e-05 -6.3292e-05
0.000192637 7.77807e-05
8.42875e-09 6.00737e-06
0.00014704 -5.43711e-06
-2.63896e-05 5.45363e-05
-0.000112803 -8.99851e-05
-2.05838e-05 3.80314e-05
-0.000197417 -5.81539e-05
7.07281e-05 -7.90245e-06
-4.08934e-07 5.43049e-05
9.08915e-05 -4.21969e-05
0.000171239 9.47693e-05
-5.28053e-05 -3.76568e-05
8.05313e-05 6.58571e-06
-0.000159383 5.66898e-06
-9.2564e-05 -8.51456e-05
-2.97601e-05 5.41357e-05
-9.60111e-05 -6.24706e-05
0.000177593 4.88071e-05
1.70386e-05 3.56115e-05
0.000133241 -2.5341e-05
5.4527e-05 7.67814e-05
-0.000121202 -7.96445e-05
7.95292e-06 2.12393e-05
-0.000206745 -3.3517e-05
7.82568e-06 -4.51942e-05
8.89653e-06 6.63509e-05
2.99121e-05 -5.1241e-05
0.000206048 8.43626e-05
-2.83416e-05 -5.42176e-06
9.48404e-05 -1.46188e-05
-9.36278e-05 3.66255e-05
-0.000135766 -9.64855e-05
-1.45591e-05 4.36603e-05
-0.000147301 -5.08171e-05
0.000136495 1.24881e-05
3.75493e-05 6.07777e-05
0.000102529 -3.95859e-05
0.000127934 8.62842e-05
-0.000111214 -5.61728e-05
2.84333e-05 -8.95999e-07
-0.000186524 -4.61838e-06
-6.03834e-05 -7.55587e-05
1.78981e-05 6.73289e-05
-3.1223e-05 -5.03568e-05
0.000212555 6.13009e-05
5.73313e-06 2.88068e-05
9.36586e-05 -3.30497e-05
-1.57161e-05 6.00706e-05
-0.000162038 -9.24921e-05
-3.20829e-06 2.39009e-05
-0.000175498 -3.08058e-05
7.42466e-05 -2.54862e-05
5.74647e-05 7.71154e-05
6.08489e-05 -4.56264e-05
0.000183364 8.20366e-05
-8.25057e-05 -2.32353e-05
3.8729e-05 -2.40889e-05
-0.000140632 2.33064e-05
-0.000123731 -9.40163e-05
2.27287e-05 5.63766e-05
-8.36907e-05 -3.99761e-05
0.000189343 2.9369e-05
4.47262e-05 5.95508e-05
7.94613e-05 -4.50871e-05
6.28258e-05 7.2525e-05
-0.000165783 -7.37106e-05
1.45039e-06 -1.86172e-06
-0.000177506 -6.40209e-06
-8.40398e-07 -5.91028e-05
7.21624e-05 8.14996e-05
1.52788e-05 -4.24223e-05
0.000213059 6.52199e-05
-3.79874e-05 1.39561e-05
3.91144e-05 -4.37916e-05
-7.6748e-05 4.54132e-05
-0.000172162 -9.75274e-05
2.02254e-05 3.47269e-05
-0.000120397 -2.2259e-05
0.000139252 -6.31569e-06
8.25743e-05 8.1805e-05
5.64796e-05 -4.83409e-05
0.000130741 7.25284e-05
-0.00014483 -4.31648e-05
-1.3644e-06 -2.90368e-05
-0.000154406 1.7685e-05
-7.8124e-05 -8.3003e-05
7.73063e-05 7.26348e-05
-2.70899e-05 -3.06012e-05
0.000213014 3.89268e-05
1.6566e-05 4.95247e-05
3.18937e-05 -5.60809e-05
-4.96039e-06 5.8138e-05
-0.000197467 -8.55585e-05
8.81031e-06 5.63021e-06
-0.000137055 -7.44014e-07
6.90641e-05 -4.00804e-05
0.000112772 9.18047e-05
2.98106e-05 -4.2033e-05
0.00017871 6.07497e-05
-0.000100964 -5.79546e-06
-1.02341e-05 -5.25904e-05
-0.000111143 3.69215e-05
-0.000146176 -9.34032e-05
6.97446e-05 5.13739e-05
-6.02335e-05 -1.23699e-05
0.000183481 7.62714e-06
7.33816e-05 7.78704e-05
2.06547e-05 -5.8387e-05
6.39698e-05 5.97896e-05
-0.000194777 -6.01829e-05
-1.09133e-05 -2.61272e-05
-0.000132802 2.02807e-05
-1.13604e-05 -6.65837e-05
0.000129399 8.76218e-05
4.50211e-06 -2.71024e-05
0.000200608 3.97406e-05
-3.97412e-05 3.24195e-05
-2.19532e-05 -6.80182e-05
-5.55163e-05 4.78399e-05
-0.000194581 -8.87781e-05
4.83258e-05 2.07111e-05
-8.01063e-05 8.82343e-06
0.000128894 -2.35397e-05
0.000123866 9.45245e-05
9.36511e-06 -4.99372e-05
0.000120329 5.07432e-05
-0.000163523 -2.56875e-05
-3.60465e-05 -5.5047e-05
-0.000110208 3.65945e-05
-9.04571e-05 -8.16898e-05
0.000128133 6.9517e-05
-1.52733e-05 -6.04857e-06
0.000194232 1.34182e-05
3.03543e-05 6.5473e-05
-3.23679e-05 -7.22075e-05
3.30198e-06 4.86998e-05
-0.000215684 -7.01489e-05
1.44528e-05 -1.46027e-05
-8.52321e-05 2.88572e-05
5.72431e-05 -4.95625e-05
0.000159901 9.68116e-05
1.51001e-06 -3.18637e-05
0.000156854 3.32355e-05
-0.000107617 1.22226e-05
-6.18415e-05 -7.59309e-05
-7.46467e-05 4.48927e-05
-0.00015667 -8.31829e-05
0.000107111 3.99867e-05
-2.6868e-05 1.74583e-05
0.000161448 -1.3616e-05
9.92148e-05 8.82806e-05
-3.74092e-05 -6.40124e-05
5.63958e-05 3.97721e-05
-0.000205934 -4.0893e-05
-2.78052e-05 -4.87992e-05
-7.68452e-05 4.36704e-05
-2.10545e-05 -6.63489e-05
0.000175089 8.42489e-05
-5.84232e-07 -6.99571e-06
0.000169624 1.08502e-05
-3.48612e-05 4.7442e-05
-8.26393e-05 -8.48657e-05
-3.31481e-05 4.3478e-05
-0.000200262 -7.11748e-05
6.75167e-05 3.46631e-06
-2.95543e-05 3.91525e-05
0.00010779 -3.6818e-05
0.000156643 9.74335e-05
-3.40621e-05 -4.44429e-05
9.65414e-05 2.3198e-05
-0.000166533 -6.10434e-06
-7.21585e-05 -7.60825e-05
-5.85179e-05 5.00499e-05
-9.46611e-05 -7.14001e-05
0.00016579 5.86427e-05
3.83376e-06 2.0603e-05
0.000158382 -1.21766e-05
4.42996e-05 7.44927e-05
-9.30809e-05 -7.99638e-05
7.01193e-06 3.26241e-05
-0.000214908 -4.80944e-05
1.37337e-05 -3.43081e-05
-2.45914e-05 5.48746e-05
4.15937e-05 -5.24127e-05
0.000193864 9.1666e-05
-2.10667e-05 -1.64687e-05
0.000119199 2.48612e-06
-0.000103257 2.83569e-05
-0.000111084 -9.16814e-05
-3.53168e-05 4.6316e-05
-0.000153019 -6.42515e-05
0.000131836 2.38615e-05
1.38097e-05 4.62715e-05
0.000126307 -3.1695e-05
0.000118416 8.93774e-05
-8.93018e-05 -6.17086e-05
3.96681e-05 1.45187e-05
-0.00019875 -1.82348e-05
-4.70446e-05 -6.72136e-05
-1.4919e-05 6.13134e-05
-2.7249e-05 -5.7992e-05
0.000204822 7.20039e-05
7.60021e-07 1.54926e-05
0.000122939 -1.82152e-05
-2.54757e-05 5.69175e-05
-0.000137188 -9.27426e-05
-1.26534e-05 3.27418e-05
-0.000187991 -4.65747e-05
7.67889e-05 -1.47058e-05
2.68397e-05 6.54824e-05
7.93535e-05 -4.4315e-05
0.00017676 9.01343e-05
-6.98327e-05 -3.28522e-05
6.07705e-05 -7.20042e-06
-0.000154687 1.30648e-05
-0.000105772 -8.97885e-05
-4.48655e-06 5.66694e-05
-8.8758e-05 -5.29184e-05
0.000187108 4.1594e-05
2.85976e-05 4.62929e-05
0.00010932 -3.49046e-05
5.53902e-05 7.52288e-05
-0.000144659 -7.88671e-05
4.90539e-06 1.15842e-05
-0.000195152 -2.18863e-05
7.67863e-06 -5.0964e-05
3.93017e-05 7.45803e-05
2.52506e-05 -4.79373e-05
0.000210881 7.7048e-05
-3.60217e-05 2.08165e-06
6.88586e-05 -2.81973e-05
-8.98249e-05 4.04284e-05
-0.000152971 -9.82172e-05
2.68404e-06 4.11026e-05
-0.000134373 -3.84544e-05
0.00014241 5.237e-06
5.80388e-05 7.08573e-05
8.2334e-05 -4.44258e-05
0.000127681 8.08198e-05
-0.000130484 -5.2179e-05
1.45796e-05 -1.33089e-05
-0.00017447 5.11184e-06
-6.58494e-05 -7.90943e-05
4.71348e-05 7.14351e-05
-2.76929e-05 -4.20834e-05
0.000215793 5.25238e-05
8.07723e-06 3.75679e-05
6.49754e-05 -4.42971e-05
-1.42145e-05 5.94224e-05
-0.000180385 -9.104e-05
3.50958e-06 1.68396e-05
-0.000158266 -1.75681e-05
7.64217e-05 -3.1328e-05
8.37685e-05 8.49708e-05
4.75639e-05 -4.49791e-05
0.000181243 7.33848e-05
-9.51515e-05 -1.69262e-05
1.5844e-05 -3.72398e-05
-0.00013021 2.94393e-05
-0.0001329 -9.45506e-05
4.6693e-05 5.59028e-05
-7.1848e-05 -2.79869e-05
0.000190658 2.06721e-05
5.62928e-05 6.79704e-05
5.21276e-05 -5.22678e-05
6.08603e-05 6.72987e-05
-0.000182517 -6.94272e-05
-3.31714e-06 -1.2128e-05
-0.000158226 5.59153e-06
-1.82316e-06 -6.23117e-05
0.000100418 8.5954e-05
1.12028e-05 -3.63938e-05
0.000208844 5.47033e-05
-4.27132e-05 2.12777e-05
1.03344e-05 -5.55826e-05
-7.00808e-05 4.67999e-05
-0.000183042 -9.48774e-05
3.56417e-05 2.99898e-05
-0.00010142 -8.4139e-06
0.000138928 -1.33342e-05
0.000101268 8.8413e-05
3.44732e-05 -5.03827e-05
0.000124684 6.33734e-05
-0.00015772 -3.69548e-05
-1.68984e-05 -4.07297e-05
-0.000135916 2.64784e-05
-8.11633e-05 -8.28158e-05
0.000103501 7.31432e-05
-2.09411e-05 -2.01489e-05
0.00020711 2.82533e-05
1.97949e-05 5.64048e-05
1.26173e-06 -6.46782e-05
-3.79946e-06 5.43839e-05
-0.000208074 -8.01677e-05
1.37057e-05 -2.35781e-06
-0.00011332 1.27874e-05
6.78968e-05 -4.40552e-05
0.000135578 9.55165e-05
1.64285e-05 -3.86917e-05
0.000168689 4.9004e-05
-0.000108615 1.0593e-06
-3.42495e-05 -6.37573e-05
-9.6427e-05 4.10457e-05
-0.000149942 -8.96744e-05
9.03148e-05 4.80968e-05
-4.43396e-05 8.52706e-07
0.000176883 -1.39525e-06
8.34232e-05 8.29763e-05
-7.4781e-06 -6.2513e-05
5.86081e-05 5.13372e-05
-0.000203489 -5.30467e-05
-1.69412e-05 -3.58515e-05
-0.000107575 3.13693e-05
-1.22834e-05 -6.66371e-05
0.000152885 8.79214e-05
1.84499e-06 -1.89905e-05
0.000187579 2.72228e-05
-4.17373e-05 3.85051e-05
-5.09502e-05 -7.68606e-05
-4.7217e-05 4.65601e-05
-0.000197834 -8.2027e-05
6.06734e-05 1.44624e-05
-5.64276e-05 2.27355e-05
0.00012302 -2.9313e-05
0.000138666 9.68909e-05
-1.2259e-05 -4.90657e-05
0.000108425 3.88151e-05
-0.000169332 -1.8175e-05
-5.18054e-05 -6.47645e-05
-8.71768e-05 4.34965e-05
-9.00394e-05 -7.76074e-05
0.000148987 6.65347e-05
-6.64178e-06 5.47631e-06
0.000179893 2.13368e-06
3.34807e-05 6.95131e-05
-6.21658e-05 -7.73749e-05
3.34868e-06 4.21443e-05
-0.00021755 -6.14851e-05
1.72934e-05 -2.25208e-05
-5.69613e-05 4.12879e-05
5.36573e-05 -5.09812e-05
0.000176886 9.60159e-05
-1.05361e-05 -2.62869e-05
0.000139489 1.96471e-05
-0.000110249 1.86194e-05
-8.47649e-05 -8.39764e-05
-5.73606e-05 4.65328e-05
-0.0001541 -7.54767e-05
0.00012264 3.44591e-05
-8.03142e-06 3.05236e-05
0.000148002 -2.18065e-05
0.000106176 8.93808e-05
-6.37776e-05 -6.48133e-05
4.75173e-05 2.89185e-05
-0.000206091 -3.18331e-05
-3.43093e-05 -5.68436e-05
-4.79579e-05 5.27096e-05
-2.09726e-05 -6.30051e-05
0.000191614 8.04863e-05
-1.37975e-06 2.24459e-06
0.000148894 -2.27984e-06
-3.47401e-05 5.13859e-05
-0.000109211 -8.99356e-05
-2.44547e-05 3.96226e-05
-0.000195252 -6.10186e-05
7.60162e-05 -3.41263e-06
-3.10245e-06 5.16823e-05
9.75916e-05 -4.05115e-05
0.000165703 9.52559e-05
-5.33492e-05 -4.09388e-05
7.94138e-05 9.72018e-06
-0.000165266 1.69044e-06
-8.64935e-05 -8.27535e-05
-3.31889e-05 5.43539e-05
-9.00397e-05 -6.36754e-05
0.000179569 5.26868e-05
1.43221e-05 3.19064e-05
0.000137128 -2.2769e-05
4.62253e-05 7.50566e-05
-0.000119392 -8.13299e-05
5.44202e-06 2.39171e-05
-0.000207826 -3.71417e-05
1.46794e-05 -4.11185e-05
5.75183e-06 6.49302e-05
3.6737e-05 -5.09064e-05
0.000203199 8.65017e-05
-3.07282e-05 -9.43802e-06
9.58193e-05 -1.15143e-05
-0.000101373 3.33763e-05
-0.000130685 -9.57923e-05
-1.72895e-05 4.53178e-05
-0.000143745 -5.32759e-05
0.000141275 1.69185e-05
3.3982e-05 5.77575e-05
0.000107705 -3.80494e-05
0.00012094 8.6229e-05
-0.000111648 -5.93249e-05
2.76449e-05 2.3727e-06
-0.000190611 -8.34613e-06
-5.30041e-05 -7.25797e-05
1.50065e-05 6.74061e-05
-2.53312e-05 -5.14144e-05
0.000212864 6.4731e-05
1.81149e-06 2.47116e-05
9.63806e-05 -3.05481e-05
-2.41012e-05 5.8079e-05
-0.000158889 -9.3627e-05
-4.66306e-06 2.67319e-05
-0.000174835 -3.40571e-05
8.11871e-05 -2.12245e-05
5.37162e-05 7.53089e-05
6.64092e-05 -4.53898e-05
0.000178725 8.36168e-05
-8.5261e-05 -2.73389e-05
3.96649e-05 -2.08379e-05
-0.000147004 2.01377e-05
-0.000117012 -9.26383e-05
2.07689e-05 5.79931e-05
-7.96094e-05 -4.22232e-05
0.000192811 3.35263e-05
3.98717e-05 5.60487e-05
8.33034e-05 -4.36447e-05
5.50924e-05 7.20854e-05
-0.000165212 -7.64881e-05
1.5623e-06 1.64933e-06
-0.000179729 -9.84215e-06
7.24619e-06 -5.57089e-05
6.89828e-05 8.12491e-05
2.03056e-05 -4.35238e-05
0.000211454 6.81391e-05
-4.27332e-05 9.57098e-06
4.14393e-05 -4.11635e-05
-8.43369e-05 4.33475e-05
-0.000167234 -9.79831e-05
1.97084e-05 3.76497e-05
-0.000118683 -2.52792e-05
0.000145398 -2.10933e-06
7.75882e-05 7.94787e-05
6.06738e-05 -4.82225e-05
0.000124814 7.36617e-05
-0.000147062 -4.71208e-05
2.59336e-07 -2.54772e-05
