0 0
-0.000167895 -5.71034e-06
2.18964e-05 -5.27646e-05
8.68323e-05 8.53167e-05
2.42022e-05 -4.15427e-05
0.000205487 6.49753e-05
-5.71033e-05 7.55008e-06
2.24284e-05 -4.66668e-05
-9.18848e-05 4.17031e-05
-0.000167172 -9.72412e-05
3.35911e-05 3.98544e-05
-0.000100891 -1.94323e-05
0.00015683 -6.99687e-07
8.29353e-05 8.12521e-05
4.86008e-05 -5.0822e-05
0.000109681 6.87921e-05
-0.000162973 -4.95103e-05
-7.82737e-06 -2.86169e-05
-0.000151716 1.73172e-05
-5.76555e-05 -7.79858e-05
9.46258e-05 7.78657e-05
-1.34383e-05 -2.89935e-05
0.000213156 4.0552e-05
5.39598e-07 4.42835e-05
1.51e-05 -5.97757e-05
-2.43743e-05 5.4207e-05
-0.000200204 -8.78143e-05
1.83413e-05 1.01226e-05
-0.000120157 1.6609e-06
9.07638e-05 -3.39761e-05
0.000119371 9.3487e-05
2.73794e-05 -4.38273e-05
0.000161805 5.83079e-05
-0.000122171 -1.27957e-05
-2.1169e-05 -5.38323e-05
-0.00011544 3.56894e-05
-0.000130462 -9.03612e-05
8.80273e-05 5.7478e-05
-4.34514e-05 -1.01645e-05
0.000191278 1.08529e-05
6.23576e-05 7.44472e-05
5.38168e-06 -6.25203e-05
4.25905e-05 5.60205e-05
-0.000205063 -6.46266e-05
-6.22182e-06 -2.29071e-05
-0.000120303 2.21583e-05
1.19504e-05 -6.0787e-05
0.000141665 9.14085e-05
7.69664e-06 -2.79727e-05
0.000189669 3.87442e-05
-6.15295e-05 2.56747e-05
-3.64067e-05 -7.09145e-05
-6.60538e-05 4.59656e-05
-0.000185593 -8.80734e-05
6.57522e-05 2.69851e-05
-6.20902e-05 1.14722e-05
0.00014342 -1.91629e-05
0.0001192 9.33422e-05
-2.86274e-06 -5.40232e-05
9.93991e-05 4.74361e-05
-0.000180211 -3.167e-05
-3.68115e-05 -5.36308e-05
-0.000103299 3.7904e-05
-6.82911e-05 -7.69471e-05
0.000144891 7.50222e-05
-6.86527e-06 -5.84328e-06
0.000190373 1.38705e-05
1.05653e-05 5.98209e-05
-4.90062e-05 -7.6495e-05
-1.2083e-05 4.63834e-05
-0.000214588 -7.17956e-05
2.92117e-05 -8.95404e-06
-6.7935e-05 3.17887e-05
7.67943e-05 -4.4616e-05
0.00016224 9.80256e-05
-6.41358e-06 -3.53882e-05
0.00013863 3.06131e-05
-0.000128739 5.52504e-06
-6.81967e-05 -7.66343e-05
-7.38279e-05 4.56152e-05
-0.000138315 -8.00745e-05
0.000126693 4.65924e-05
-1.4202e-05 1.87932e-05
0.000164986 -1.18552e-05
8.37753e-05 8.43878e-05
-5.46021e-05 -6.91983e-05
3.79851e-05 3.71751e-05
-0.000212906 -4.45698e-05
-1.73613e-05 -4.45574e-05
-6.20401e-05 4.67166e-05
1.21652e-06 -6.14716e-05
0.000184309 8.77337e-05
-3.36327e-06 -9.49224e-06
0.00015599 9.06826e-06
-5.789e-05 4.08933e-05
-9.41547e-05 -8.77075e-05
-3.82411e-05 4.35787e-05
-0.000187941 -7.00231e-05
8.7897e-05 1.03748e-05
-1.40056e-05 4.15743e-05
0.000118218 -3.40212e-05
0.000147392 9.57324e-05
-5.00304e-05 -4.98797e-05
7.71281e-05 2.04585e-05
-0.00018072 -1.12311e-05
-6.73358e-05 -7.38868e-05
-4.76113e-05 5.30175e-05
-7.23138e-05 -6.71957e-05
0.000181007 6.39986e-05
6.51052e-06 1.94928e-05
0.000150684 -1.30259e-05
2.21084e-05 6.88779e-05
-0.000108733 -8.46419e-05
-3.23484e-06 3.20411e-05
-0.000210093 -4.8923e-05
3.27058e-05 -2.79862e-05
-7.78038e-06 5.82457e-05
5.76277e-05 -4.89577e-05
0.000191928 9.23225e-05
-3.40798e-05 -2.1455e-05
0.000100802 -2.52234e-07
-0.000122905 2.25036e-05
-0.000112662 -9.19074e-05
-2.92396e-05 4.8965e-05
-0.000133252 -6.11937e-05
0.000151486 3.04463e-05
2.16844e-05 4.67607e-05
0.000125238 -3.15903e-05
9.9675e-05 8.53163e-05
-0.000107528 -6.76402e-05
2.54653e-05 1.31859e-05
-0.000201953 -2.07889e-05
-3.16552e-05 -6.23373e-05
1.47849e-06 6.53973e-05
-7.5319e-06 -5.43135e-05
0.0002105 7.49082e-05
-7.82998e-06 1.16105e-05
0.000107398 -2.07817e-05
-4.81839e-05 5.10826e-05
-0.000145262 -9.54206e-05
-1.18301e-05 3.47805e-05
-0.000173129 -4.49368e-05
9.87682e-05 -7.71619e-06
3.91235e-05 6.76192e-05
8.48874e-05 -4.33154e-05
0.000163643 8.80308e-05
-8.8678e-05 -3.92676e-05
4.41037e-05 -9.30515e-06
-0.000165404 9.24432e-06
-9.58584e-05 -8.7049e-05
9.93329e-06 6.11229e-05
-6.76983e-05 -4.94415e-05
0.000199842 4.63704e-05
2.54477e-05 4.40375e-05
9.81456e-05 -3.71011e-05
3.23357e-05 7.00779e-05
-0.000158551 -8.36662e-05
5.30895e-07 1.26964e-05
-0.000186875 -2.17142e-05
2.95347e-05 -4.44779e-05
5.47773e-05 7.82398e-05
3.66397e-05 -4.61821e-05
0.00020489 7.7067e-05
-5.33697e-05 -3.98156e-06
5.13817e-05 -3.10013e-05
-0.000106639 3.59022e-05
-0.000149887 -9.80142e-05
1.37955e-05 4.54776e-05
-0.000114438 -3.55278e-05
0.000160838 1.12778e-05
6.07697e-05 7.05634e-05
7.65792e-05 -4.60495e-05
0.000106962 7.68747e-05
-0.000148765 -5.84604e-05
5.49364e-06 -1.34034e-05
-0.000173601 3.97425e-06
-4.66614e-05 -7.39779e-05
6.42941e-05 7.63151e-05
-1.18393e-05 -3.97746e-05
0.000217607 5.45872e-05
-5.76176e-06 3.2639e-05
4.83808e-05 -4.76037e-05
-3.50215e-05 5.47528e-05
-0.000184718 -9.34058e-05
1.02923e-05 2.061e-05
-0.000141731 -1.54147e-05
9.84998e-05 -2.48001e-05
9.21993e-05 8.67533e-05
4.77195e-05 -4.58568e-05
0.000165199 7.0991e-05
-0.00011579 -2.38518e-05
2.91142e-06 -3.87068e-05
-0.00013664 2.72846e-05
-0.000118718 -9.14915e-05
6.38809e-05 6.15285e-05
-5.34012e-05 -2.53541e-05
0.000200074 2.44699e-05
4.76132e-05 6.4807e-05
3.80202e-05 -5.57635e-05
3.85476e-05 6.29777e-05
-0.000193949 -7.40202e-05
-1.52434e-06 -9.50302e-06
-0.000146884 6.8882e-06
2.1382e-05 -5.61485e-05
0.000113775 8.96934e-05
1.7138e-05 -3.64129e-05
0.000199232 5.40204e-05
-6.33263e-05 1.46117e-05
-5.25081e-06 -5.84057e-05
-8.28348e-05 4.39752e-05
-0.000175682 -9.42677e-05
5.11878e-05 3.57373e-05
-8.24981e-05 -5.67524e-06
0.000154876 -8.31489e-06
9.88356e-05 8.74279e-05
2.42329e-05 -5.36786e-05
0.000103419 5.97856e-05
-0.000175025 -4.31249e-05
-2.0354e-05 -3.97126e-05
-0.000130863 2.69488e-05
-5.95615e-05 -7.78233e-05
0.000120504 7.84849e-05
-9.97178e-06 -1.9272e-05
0.000204936 2.92556e-05
1.63565e-06 5.08399e-05
-1.5516e-05 -6.86266e-05
-2.12265e-05 5.12218e-05
-0.000208554 -8.20382e-05
2.60446e-05 2.79481e-06
-9.60153e-05 1.54533e-05
8.85437e-05 -3.84752e-05
0.000139797 9.68663e-05
1.10684e-05 -4.13847e-05
0.000150807 4.64181e-05
-0.000129796 -5.84532e-06
-4.27631e-05 -6.46302e-05
-9.79749e-05 4.07824e-05
-0.000132553 -8.64867e-05
0.000109293 5.44675e-05
-2.96097e-05 2.59035e-06
0.000182312 1.08881e-06
6.98804e-05 7.91896e-05
-2.38189e-05 -6.71592e-05
3.85861e-05 4.81181e-05
-0.000211853 -5.70716e-05
-9.14878e-06 -3.20109e-05
-9.36968e-05 3.38271e-05
1.06528e-05 -6.12225e-05
0.000163439 9.14909e-05
1.88941e-06 -2.0725e-05
0.000174965 2.57956e-05
-6.42887e-05 3.17634e-05
-6.38452e-05 -7.96455e-05
-5.49215e-05 4.56637e-05
-0.000186798 -8.10037e-05
7.97055e-05 2.11127e-05
-3.95776e-05 2.52391e-05
0.000135361 -2.57099e-05
0.000131376 9.53277e-05
-2.65067e-05 -5.38473e-05
8.80496e-05 3.57635e-05
-0.000184619 -2.37432e-05
-4.95397e-05 -6.28353e-05
-7.80521e-05 4.56328e-05
-6.75305e-05 -7.3045e-05
0.00016487 7.19402e-05
-1.22877e-06 4.96164e-06
0.000173815 1.91344e-06
1.2239e-05 6.37609e-05
-7.82788e-05 -8.18041e-05
-9.44185e-06 4.069e-05
-0.000214237 -6.26595e-05
3.43633e-05 -1.6438e-05
-3.97887e-05 4.44127e-05
7.143e-05 -4.67428e-05
0.000176777 9.68524e-05
-2.1186e-05 -3.05943e-05
0.000120925 1.69476e-05
-0.000130617 1.22861e-05
-8.85066e-05 -8.43222e-05
-5.37277e-05 4.82234e-05
-0.000134711 -7.23075e-05
0.000142253 4.10751e-05
2.15541e-06 3.13703e-05
0.000148995 -2.08804e-05
8.87586e-05 8.52789e-05
-8.15231e-05 -7.03589e-05
3.11567e-05 2.69577e-05
-0.000210892 -3.49256e-05
-2.11282e-05 -5.21596e-05
-3.2203e-05 5.62584e-05
1.17806e-07 -5.8675e-05
0.000198811 8.36166e-05
-7.26192e-06 -1.02147e-06
0.000134034 -4.46569e-06
-5.7727e-05 4.51035e-05
-0.00011882 -9.25998e-05
-2.64518e-05 4.07094e-05
-0.000181299 -5.95542e-05
9.72985e-05 3.6022e-06
1.07833e-05 5.39018e-05
0.000105413 -3.86071e-05
0.000154159 9.32389e-05
-7.08645e-05 -4.68952e-05
6.12543e-05 7.31047e-06
-0.000177541 -2.8015e-06
-7.88259e-05 -8.01503e-05
-2.03543e-05 5.80642e-05
-6.8137e-05 -5.9777e-05
0.000193382 5.77312e-05
1.38915e-05 3.01328e-05
0.000127429 -2.42992e-05
2.33663e-05 6.95657e-05
-0.000134044 -8.60117e-05
-1.78511e-06 2.42135e-05
-0.000200932 -3.74271e-05
3.52967e-05 -3.46107e-05
2.19194e-05 6.83997e-05
5.03857e-05 -4.82856e-05
0.000198886 8.67488e-05
-4.60836e-05 -1.50321e-05
7.77147e-05 -1.42691e-05
-0.000119557 2.81333e-05
-0.000129631 -9.56774e-05
-8.52179e-06 4.88506e-05
-0.000123619 -5.023e-05
0.000160264 2.32547e-05
3.91153e-05 5.77627e-05
0.000104064 -3.8815e-05
0.000100889 8.21163e-05
-0.00012987 -6.54228e-05
1.60296e-05 1.704e-06
-0.00019149 -1.01805e-05
-3.54287e-05 -6.74548e-05
3.18608e-05 7.1864e-05
-7.50863e-06 -4.83992e-05
0.000216315 6.71581e-05
-9.62775e-06 2.0208e-05
8.01155e-05 -3.34708e-05
-4.59452e-05 5.27501e-05
-0.000164826 -9.60516e-05
-6.97378e-07 2.9681e-05
-0.000158821 -3.21205e-05
0.000103287 -1.43998e-05
6.39472e-05 7.7187e-05
6.90794e-05 -4.53362e-05
0.00016378 8.12708e-05
-0.00010507 -3.40503e-05
2.48435e-05 -2.2572e-05
-0.000155385 1.71317e-05
-0.000104623 -8.96035e-05
3.66936e-05 6.30372e-05
-5.97268e-05 -3.91458e-05
0.00020368 3.7796e-05
3.3707e-05 5.32265e-05
7.04535e-05 -4.6486e-05
3.22049e-05 6.72631e-05
-0.00017768 -8.11311e-05
4.14255e-07 3.58467e-06
-0.000169605 -9.08534e-06
2.99654e-05 -4.92841e-05
8.33305e-05 8.48892e-05
2.88626e-05 -4.26653e-05
0.000203291 6.77327e-05
-6.18771e-05 3.1229e-06
2.48406e-05 -4.39281e-05
-9.90464e-05 3.9631e-05
-0.000161657 -9.74547e-05
3.31943e-05 4.2748e-05
-9.90521e-05 -2.24276e-05
0.000162495 3.4436e-06
7.74915e-05 7.87275e-05
5.24726e-05 -5.06909e-05
0.000103531 6.98116e-05
-0.000164764 -5.33456e-05
-5.8959e-06 -2.49338e-05
-0.000155804 1.43597e-05
-4.94449e-05 -7.58617e-05
9.24731e-05 7.91145e-05
-9.99906e-06 -3.12645e-05
0.000214169 4.41688e-05
-5.72664e-06 4.02104e-05
1.82285e-05 -5.8158e-05
-3.17058e-05 5.35354e-05
-0.000197283 -8.97937e-05
1.97065e-05 1.3912e-05
-0.000120688 -1.55486e-06
9.83882e-05 -3.03976e-05
0.00011464 9.25261e-05
3.07973e-05 -4.50792e-05
0.00015813 6.06523e-05
-0.000126693 -1.72382e-05
-1.81252e-05 -5.07171e-05
-0.000121113 3.36945e-05
-0.000123392 -8.99381e-05
8.77619e-05 6.02401e-05
-4.17382e-05 -1.31863e-05
0.000195306 1.47158e-05
5.55519e-05 7.13854e-05
8.51598e-06 -6.23325e-05
3.62426e-05 5.68262e-05
-0.000205276 -6.80231e-05
-3.22518e-06 -1.88638e-05
-0.000122964 1.9323e-05
2.0386e-05 -5.83566e-05
0.000138502 9.21912e-05
1.00409e-05 -3.04059e-05
0.000188939 4.19723e-05
-6.81432e-05 2.13583e-05
-3.29037e-05 -6.89397e-05
-7.22922e-05 4.52928e-05
-0.000180792 -8.94048e-05
6.76054e-05 3.08345e-05
-6.22844e-05 8.23834e-06
0.00014982 -1.56965e-05
0.000112926 9.17831e-05
-4.07913e-07 -5.53227e-05
9.49708e-05 4.95285e-05
-0.000183591 -3.58964e-05
-3.26644e-05 -5.00393e-05
-0.000107488 3.5988e-05
-6.03321e-05 -7.60552e-05
0.000143942 7.74497e-05
-5.98772e-06 -9.05036e-06
0.000192595 1.74086e-05
2.849e-06 5.63297e-05
-4.58077e-05 -7.60332e-05
-1.78276e-05 4.71382e-05
-0.000212836 -7.46309e-05
3.30371e-05 -4.64424e-06
-6.98667e-05 2.89335e-05
8.45702e-05 -4.21155e-05
0.000157523 9.82206e-05
-5.16992e-06 -3.79749e-05
0.0001367 3.35799e-05
-0.000134799 1.18598e-06
-6.36501e-05 -7.41348e-05
-7.86998e-05 4.49905e-05
-0.000132057 -8.08489e-05
0.000128273 5.0295e-05
-1.48949e-05 1.53607e-05
0.000169721 -8.61627e-06
7.61356e-05 8.22738e-05
-5.24256e-05 -7.03569e-05
3.36429e-05 3.91931e-05
-0.000214494 -4.84e-05
-1.20916e-05 -4.05122e-05
-6.52216e-05 4.47796e-05
9.1721e-06 -6.03411e-05
0.000181962 8.96564e-05
-3.61558e-06 -1.29454e-05
0.000156713 1.23578e-05
-6.57127e-05 3.71605e-05
-9.00875e-05 -8.67557e-05
-4.28737e-05 4.43749e-05
-0.000184346 -7.23024e-05
9.19162e-05 1.47633e-05
-1.60672e-05 3.85181e-05
0.000124664 -3.16274e-05
0.000141011 9.53177e-05
-4.94043e-05 -5.24857e-05
7.47963e-05 2.33434e-05
-0.0001854 -1.53832e-05
-6.1461e-05 -7.08026e-05
-5.13314e-05 5.23858e-05
-6.5394e-05 -6.76045e-05
0.000181503 6.73474e-05
4.77199e-06 1.57447e-05
0.000153792 -1.00043e-05
1.37218e-05 6.63499e-05
-0.00010598 -8.54251e-05
-6.80765e-06 3.41168e-05
-0.000209693 -5.22825e-05
3.86535e-05 -2.36295e-05
-1.07379e-05 5.61216e-05
6.47445e-05 -4.78046e-05
0.00018781 9.36544e-05
-3.5243e-05 -2.50892e-05
0.000100705 2.95194e-06
-0.00012993 1.87423e-05
-0.000107193 -9.03251e-05
-3.27045e-05 4.97937e-05
-0.00012841 -6.30441e-05
0.00015487 3.46875e-05
1.87627e-05 4.33488e-05
0.000130107 -2.9366e-05
9.20052e-05 8.43765e-05
-0.000106713 -7.00457e-05
2.35191e-05 1.61549e-05
-0.000204762 -2.46178e-05
-2.46525e-05 -5.87398e-05
-1.71507e-06 6.46175e-05
-8.58237e-07 -5.45821e-05
0.000209318 7.77569e-05
-1.06865e-05 7.54055e-06
0.000109367 -1.78521e-05
-5.6445e-05 4.83364e-05
-0.000141198 -9.56252e-05
-1.43253e-05 3.69542e-05
-0.000171062 -4.78767e-05
0.000104626 -3.26752e-06
3.55665e-05 6.51334e-05
9.06507e-05 -4.22709e-05
0.000157853 8.87941e-05
-9.00932e-05 -4.29062e-05
4.40037e-05 -5.99781e-06
-0.000170917 5.62926e-06
-8.8908e-05 -8.48207e-05
7.22594e-06 6.18758e-05
-6.24829e-05 -5.10661e-05
0.000201833 5.02673e-05
2.13143e-05 4.01995e-05
0.000101679 -3.49794e-05
2.41229e-05 6.8777e-05
-0.000156691 -8.56345e-05
-5.05651e-07 1.58426e-05
-0.000187822 -2.5197e-05
3.70394e-05 -4.05499e-05
5.1288e-05 7.71319e-05
4.23356e-05 -4.64928e-05
0.000201848 7.93715e-05
-5.69139e-05 -8.25887e-06
5.29816e-05 -2.79721e-05
-0.000113925 3.31294e-05
-0.000144147 -9.75361e-05
1.22138e-05 4.76825e-05
-0.000111435 -3.82031e-05
0.000165758 1.55879e-05
5.60307e-05 6.75942e-05
8.0952e-05 -4.51181e-05
0.000100044 7.71899e-05
-0.000149553 -6.18669e-05
6.08007e-06 -9.84792e-06
-0.000177302 5.89984e-07
-3.8639e-05 -7.12201e-05
6.1609e-05 7.68186e-05
-7.11754e-06 -4.13804e-05
0.000217764 5.80281e-05
-1.09547e-05 2.842e-05
5.12229e-05 -4.54152e-05
-4.2893e-05 5.32817e-05
-0.000181193 -9.47592e-05
1.02548e-05 2.39191e-05
-0.000141315 -1.86443e-05
0.000105652 -2.07792e-05
8.76742e-05 8.51581e-05
5.21145e-05 -4.62864e-05
0.000160593 7.28179e-05
-0.000119228 -2.81305e-05
4.93379e-06 -3.53908e-05
-0.00014239 2.46144e-05
-0.000111436 -9.03609e-05
6.26331e-05 6.36097e-05
-5.03623e-05 -2.79674e-05
0.0002034 2.84681e-05
4.15545e-05 6.13317e-05
4.14435e-05 -5.48234e-05
3.13264e-05 6.30219e-05
-0.000193303 -7.6971e-05
8.10301e-08 -5.6513e-06
-0.000148984 3.70576e-06
2.97069e-05 -5.30734e-05
0.0001103 8.97638e-05
2.07864e-05 -3.81374e-05
0.000197578 5.70085e-05
-6.8965e-05 1.01656e-05
-2.2819e-06 -5.59406e-05
-8.96211e-05 4.24923e-05
-0.00017032 -9.49448e-05
5.17759e-05 3.9088e-05
-8.15398e-05 -8.82512e-06
0.000160865 -4.42058e-06
9.28724e-05 8.52621e-05
2.75086e-05 -5.41719e-05
9.79305e-05 6.12849e-05
-0.000177457 -4.71679e-05
-1.73613e-05 -3.59947e-05
-0.000134988 2.44098e-05
-5.13307e-05 -7.6195e-05
0.000118789 8.02468e-05
-7.66671e-06 -2.19999e-05
0.000206411 3.2875e-05
-5.37862e-06 4.6949e-05
-1.22816e-05 -6.74733e-05
-2.79111e-05 5.11695e-05
-0.000206007 -8.4392e-05
2.85342e-05 6.87336e-06
-9.71614e-05 1.2344e-05
9.62845e-05 -3.53232e-05
0.000134918 9.63688e-05
1.35359e-05 -4.32461e-05
0.000147813 4.90623e-05
-0.000135 -1.02982e-05
-3.89507e-05 -6.17134e-05
-0.000103308 3.9364e-05
-0.000125692 -8.65619e-05
0.000109794 5.76676e-05
-2.89778e-05 -6.70158e-07
0.000186623 4.7205e-06
6.25592e-05 7.64772e-05
-2.10473e-05 -6.75463e-05
3.30614e-05 4.94695e-05
-0.000212573 -6.06822e-05
-5.06571e-06 -2.78919e-05
-9.65972e-05 3.1341e-05
1.89667e-05 -5.9325e-05
0.000160502 9.2757e-05
3.07096e-06 -2.36534e-05
0.00017481 2.90893e-05
-7.15022e-05 2.76381e-05
-5.9981e-05 -7.80631e-05
-6.04777e-05 4.56303e-05
-0.000182384 -8.27454e-05
8.25199e-05 2.52495e-05
-4.06295e-05 2.20215e-05
0.000141793 -2.26742e-05
0.00012489 9.4221e-05
-2.48272e-05 -5.57342e-05
8.44886e-05 3.82356e-05
-0.000188527 -2.79807e-05
-4.45112e-05 -5.93892e-05
-8.20526e-05 4.42505e-05
-5.99138e-05 -7.27017e-05
0.000164466 7.4784e-05
-1.54941e-06 1.45315e-06
0.00017639 5.26753e-06
4.10909e-06 6.06295e-05
-7.51761e-05 -8.18573e-05
-1.4258e-05 4.20412e-05
-0.000212961 -6.57412e-05
3.91859e-05 -1.20387e-05
-4.22161e-05 4.18232e-05
7.89637e-05 -4.48035e-05
0.000172165 9.75204e-05
-2.10102e-05 -3.36828e-05
0.000119761 2.00628e-05
-0.00013712 8.1458e-06
-8.34142e-05 -8.21581e-05
-5.7999e-05 4.8228e-05
-0.000128953 -7.35506e-05
0.000144589 4.50526e-05
4.12461e-07 2.78763e-05
0.000153782 -1.80487e-05
8.09546e-05 8.363e-05
-7.98763e-05 -7.20641e-05
2.78478e-05 2.943e-05
-0.00021294 -3.87899e-05
-1.49842e-05 -4.82347e-05
-3.54347e-05 5.47898e-05
7.58291e-06 -5.81436e-05
0.000196847 8.59467e-05
-8.70949e-06 -4.809e-06
0.000135283 -1.28621e-06
-6.58161e-05 4.17482e-05
-0.000114616 -9.21098e-05
-3.01553e-05 4.21259e-05
-0.000178263 -6.21387e-05
0.000102149 8.0757e-06
7.98113e-06 5.10297e-05
0.000111578 -3.67793e-05
0.000147877 9.33113e-05
-7.11116e-05 -4.99849e-05
5.98964e-05 1.0432e-05
-0.000182561 -6.76359e-06
-7.2332e-05 -7.737e-05
-2.36651e-05 5.80233e-05
-6.18805e-05 -6.07221e-05
0.000194454 6.13469e-05
1.10138e-05 2.62702e-05
0.000130721 -2.16304e-05
1.49402e-05 6.75302e-05
-0.000131569 -8.72984e-05
-4.23905e-06 2.67979e-05
-0.000201037 -4.08718e-05
4.20101e-05 -3.03726e-05
1.86441e-05 6.667e-05
5.6915e-05 -4.77658e-05
0.000195095 8.85017e-05
-4.83209e-05 -1.90052e-05
7.83714e-05 -1.10853e-05
-0.000126723 2.47583e-05
-0.000123883 -9.45243e-05
-1.11766e-05 5.02929e-05
-0.0001195 -5.24624e-05
0.0001643 2.7573e-05
3.52832e-05 5.44703e-05
0.000108725 -3.71302e-05
9.34108e-05 8.16985e-05
-0.000129689 -6.82827e-05
1.52194e-05 4.98692e-06
-0.000194641 -1.38549e-05
-2.78494e-05 -6.41562e-05
2.88192e-05 7.16186e-05
-1.64631e-06 -4.92645e-05
0.000215609 7.02845e-05
-1.35892e-05 1.59993e-05
8.24887e-05 -3.08154e-05
-5.41059e-05 5.05237e-05
-0.000160849 -9.67301e-05
-2.10445e-06 3.23889e-05
-0.000157408 -3.52212e-05
0.00010975 -1.00794e-05
5.98434e-05 7.5029e-05
7.42598e-05 -4.49305e-05
0.00015837 8.24935e-05
-0.000107359 -3.80138e-05
2.57178e-05 -1.91959e-05
-0.000160994 1.38894e-05
-9.73694e-05 -8.77983e-05
3.45813e-05 6.43721e-05
-5.54211e-05 -4.12318e-05
0.000206194 4.17744e-05
2.86087e-05 4.94696e-05
7.39652e-05 -4.48471e-05
2.43269e-05 6.6528e-05
-0.000176237 -8.35302e-05
5.76107e-07 7.09807e-06
-0.00017101 -1.24776e-05
3.79217e-05 -4.5668e-05
7.9734e-05 8.42566e-05
3.36772e-05 -4.36103e-05
0.000200737 7.03512e-05
-6.63871e-05 -1.29367e-06
2.70971e-05 -4.10845e-05
-0.000106142 3.73899e-05
-0.000155918 -9.74452e-05
3.25549e-05 4.54835e-05
-9.69091e-05 -2.53519e-05
0.000167876 7.62048e-06
7.20714e-05 7.60401e-05
5.63867e-05 -5.03712e-05
9.71277e-05 7.06418e-05
-0.00016621 -5.70604e-05
-4.18647e-06 -2.12366e-05
-0.000159669 1.13053e-05
-4.11984e-05 -7.35441e-05
9.01262e-05 8.01561e-05
-6.3272e-06 -3.33967e-05
0.000214818 4.77196e-05
-1.18201e-05 3.60602e-05
2.13017e-05 -5.6376e-05
-3.91148e-05 5.26675e-05
-0.00019404 -9.15739e-05
2.0809e-05 1.76117e-05
-0.000120933 -4.779e-06
0.000105845 -2.6705e-05
0.000109812 9.13599e-05
3.43572e-05 -4.61491e-05
0.000154125 6.2853e-05
-0.000130905 -2.16461e-05
-1.52293e-05 -4.75046e-05
-0.000126685 3.15413e-05
-0.00011614 -8.9297e-05
8.72335e-05 6.2828e-05
-3.97556e-05 -1.61326e-05
0.000199022 1.85954e-05
4.87975e-05 6.81719e-05
1.1703e-05 -6.19502e-05
2.96917e-05 5.74439e-05
-0.000205122 -7.12787e-05
-4.60964e-07 -1.48243e-05
-0.000125406 1.64005e-05
2.87978e-05 -5.57504e-05
0.000135133 9.27593e-05
1.25992e-05 -3.26948e-05
0.000187856 4.51257e-05
-7.4534e-05 1.69861e-05
-2.94455e-05 -6.68012e-05
-7.8565e-05 4.44294e-05
-0.000175691 -9.05312e-05
6.91715e-05 3.45736e-05
-6.22204e-05 5.0024e-06
0.000156008 -1.2134e-05
0.000106572 9.00228e-05
2.19587e-06 -5.6431e-05
9.02524e-05 5.14742e-05
-0.000186619 -4.00641e-05
-2.86733e-05 -4.63637e-05
-0.000111564 3.39209e-05
-5.22476e-05 -7.49556e-05
0.000142709 7.96886e-05
-4.86325e-06 -1.21756e-05
0.000194497 2.09519e-05
-4.76938e-06 5.27028e-05
-4.25421e-05 -7.53703e-05
-2.37303e-05 4.77053e-05
-0.000210716 -7.73104e-05
3.66032e-05 -3.60218e-07
-7.15973e-05 2.59976e-05
9.22678e-05 -3.94559e-05
0.000152602 9.81977e-05
-3.70967e-06 -4.04064e-05
0.000134445 3.64659e-05
-0.000140584 -3.18528e-06
-5.91506e-05 -7.14773e-05
-8.35813e-05 4.41783e-05
-0.000125544 -8.14196e-05
0.000129536 5.3867e-05
-1.53526e-05 1.19327e-05
0.000174221 -5.29428e-06
6.84517e-05 7.9968e-05
-5.00823e-05 -7.13122e-05
2.90514e-05 4.10607e-05
-0.000215707 -5.21505e-05
-7.00436e-06 -3.64021e-05
-6.82954e-05 4.26962e-05
1.71944e-05 -5.90153e-05
0.000179319 9.13798e-05
-3.62344e-06 -1.63059e-05
0.00015713 1.56451e-05
-7.33802e-05 3.33118e-05
-8.59469e-05 -8.55995e-05
-4.76336e-05 4.49815e-05
-0.000180407 -7.44176e-05
9.5639e-05 1.91023e-05
-1.7948e-05 3.5387e-05
0.000130992 -2.90874e-05
0.00013445 9.46867e-05
-4.85425e-05 -5.49212e-05
7.21712e-05 2.61416e-05
-0.00018976 -1.95445e-05
-5.56546e-05 -6.75729e-05
-5.50562e-05 5.1567e-05
-5.82736e-05 -6.78154e-05
0.000181658 7.05481e-05
3.26156e-06 1.2011e-05
0.00015666 -6.90761e-06
5.34469e-06 6.36434e-05
-0.000103044 -8.59936e-05
-1.05981e-05 3.60358e-05
-0.000208919 -5.55467e-05
4.43777e-05 -1.92313e-05
-1.36027e-05 5.38544e-05
7.18791e-05 -4.64671e-05
0.000183404 9.47809e-05
-3.61438e-05 -2.86144e-05
0.000100323 6.14783e-06
-0.000136744 1.48859e-05
-0.000101661 -8.85415e-05
-3.62845e-05 5.04281e-05
-0.000123267 -6.47285e-05
0.000157919 3.88568e-05
1.60112e-05 3.98695e-05
0.000134839 -2.70032e-05
8.41985e-05 8.32266e-05
-0.000105637 -7.22632e-05
2.13083e-05 1.90291e-05
-0.000207229 -2.84365e-05
-1.77582e-05 -5.50157e-05
-4.92259e-06 6.36496e-05
5.96314e-06 -5.46596e-05
0.000207783 8.04445e-05
-1.33011e-05 3.49973e-06
0.000111108 -1.48522e-05
-6.46367e-05 4.54275e-05
-0.000136947 -9.5608e-05
-1.70225e-05 3.89619e-05
-0.000168645 -5.07117e-05
0.000110213 1.19805e-06
3.20896e-05 6.25085e-05
9.64011e-05 -4.10486e-05
0.000151801 8.9351e-05
-9.1215e-05 -4.64155e-05
4.36427e-05 -2.7063e-06
-0.000176176 1.93858e-06
-8.19276e-05 -8.24015e-05
4.39892e-06 6.24279e-05
-5.70158e-05 -5.2526e-05
0.000203462 5.40733e-05
1.73592e-05 3.63058e-05
0.000105079 -3.27221e-05
1.58289e-05 6.72753e-05
-0.000154551 -8.73989e-05
-1.79113e-06 1.88822e-05
-0.000188428 -2.86549e-05
4.43836e-05 -3.65178e-05
4.77713e-05 7.5835e-05
4.81401e-05 -4.66167e-05
0.000198464 8.15071e-05
-6.01837e-05 -1.24871e-05
5.43719e-05 -2.48775e-05
-0.000121086 3.02099e-05
-0.000138239 -9.6836e-05
1.04279e-05 4.97095e-05
-0.000108121 -4.0769e-05
0.000170366 1.98924e-05
5.13733e-05 6.4493e-05
8.53026e-05 -4.40099e-05
9.29111e-05 7.73015e-05
-0.000150015 -6.51227e-05
6.41987e-06 -6.31972e-06
-0.000180729 -2.85385e-06
-3.06364e-05 -6.82881e-05
5.87905e-05 7.71145e-05
-2.18707e-06 -4.28225e-05
0.000217551 6.13647e-05
-1.59402e-05 2.41622e-05
5.39432e-05 -4.30922e-05
-5.07881e-05 5.16204e-05
-0.000177387 -9.5898e-05
9.96688e-06 2.71057e-05
-0.00014058 -2.18398e-05
0.000112591 -1.66772e-05
8.31165e-05 8.33755e-05
5.65991e-05 -4.65287e-05
0.000155674 7.44724e-05
-0.00012235 -3.23368e-05
6.75978e-06 -3.20173e-05
-0.00014798 2.18117e-05
-0.000104026 -8.90156e-05
6.11663e-05 6.55001e-05
-4.70516e-05 -3.04686e-05
0.000206386 3.24428e-05
3.55992e-05 5.77364e-05
4.48516e-05 -5.37039e-05
2.39426e-05 6.28667e-05
-0.00019231 -7.97519e-05
1.43821e-06 -1.8432e-06
-0.000150814 4.75416e-07
3.79538e-05 -4.9844e-05
0.000106679 8.96216e-05
2.46174e-05 -3.96958e-05
0.000195563 5.98836e-05
-7.43515e-05 5.70226e-06
5.78107e-07 -5.33435e-05
-9.63831e-05 4.08288e-05
-0.0001647 -9.54038e-05
5.20969e-05 4.22983e-05
-8.02946e-05 -1.19349e-05
0.000166596 -4.65416e-07
8.68886e-05 8.29147e-05
3.0875e-05 -5.44721e-05
9.21708e-05 6.26107e-05
-0.000179536 -5.11147e-05
-1.45657e-05 -3.22326e-05
-0.000138937 2.17492e-05
-4.3027e-05 -7.4365e-05
0.000116837 8.1806e-05
-5.11986e-06 -2.46117e-05
0.000207538 3.64584e-05
-1.22477e-05 4.29552e-05
-9.049e-06 -6.61371e-05
-3.47079e-05 5.09219e-05
-0.000203115 -8.65623e-05
3.07571e-05 1.08879e-05
-9.80557e-05 9.19459e-06
0.000103892 -3.20362e-05
0.000129894 9.56575e-05
1.6181e-05 -4.4934e-05
0.000144489 5.15881e-05
-0.000139903 -1.47441e-05
-3.52447e-05 -5.86717e-05
-0.000108587 3.77723e-05
-0.000118618 -8.64225e-05
0.000110003 6.07092e-05
-2.80884e-05 -3.88493e-06
0.00019065 8.3979e-06
5.52506e-05 7.35938e-05
-1.81711e-05 -6.77316e-05
2.73123e-05 5.06464e-05
-0.000212917 -6.41759e-05
-1.19815e-06 -2.37477e-05
-9.93255e-05 2.87407e-05
2.72936e-05 -5.72413e-05
0.000157318 9.38118e-05
4.48363e-06 -2.64572e-05
0.000174317 3.23388e-05
-7.85163e-05 2.34307e-05
-5.61105e-05 -7.62969e-05
-6.61085e-05 4.54038e-05
-0.000177649 -8.42972e-05
8.5037e-05 2.93001e-05
-4.14544e-05 1.877e-05
0.000148051 -1.95194e-05
0.00011828 9.29039e-05
-2.29572e-05 -5.74354e-05
8.06338e-05 4.05849e-05
-0.000192092 -3.21873e-05
-3.96042e-05 -5.58317e-05
-8.59904e-05 4.26992e-05
-5.21396e-05 -7.21525e-05
0.000163747 7.74536e-05
-1.62752e-06 -2.00135e-06
0.000178676 8.65738e-06
-3.95736e-06 5.73425e-05
-7.19538e-05 -8.17001e-05
-1.92594e-05 4.32153e-05
-0.00021131 -6.8691e-05
4.37589e-05 -7.63726e-06
-4.4488e-05 3.91245e-05
8.64584e-05 -4.26922e-05
0.00016731 9.79727e-05
-2.05931e-05 -3.66334e-05
0.000118285 2.31276e-05
-0.000143369 3.9462e-06
-7.83227e-05 -7.98153e-05
-6.23265e-05 4.80391e-05
-0.000122919 -7.46037e-05
0.000146594 4.89223e-05
-1.12043e-06 2.43557e-05
