0 0
0.00059189 -1.252e-05
-0.000205084 0.000192416
-0.000535028 -0.000382115
-5.46707e-05 0.000173719
-0.000509998 -0.000184657
0.000680763 7.62242e-05
0.000234317 0.000274441
0.000175019 -0.000216635
0.000173898 0.000241631
-0.000829299 -0.000289243
4.67602e-05 -3.66806e-05
-0.000343147 9.52827e-05
0.000357126 -0.000164025
0.000652066 0.000391959
-0.000176056 -0.000167226
0.000275447 3.84641e-05
-0.000735787 -2.27707e-05
-0.00023379 -0.000294923
9.0256e-05 0.000277951
-1.42396e-05 -0.0001826
0.000864334 0.000243088
-0.000157177 8.50998e-05
-1.559e-05 -0.000235913
-0.000347615 0.000172141
-0.000627221 -0.000361703
0.000415301 0.000201041
-7.3898e-05 4.15675e-05
0.000671056 -3.52918e-05
0.000193622 0.000302469
-0.000453689 -0.000335057
-2.5674e-05 0.000116046
-0.000760015 -0.000172477
0.00035635 -5.91898e-05
0.000248569 0.000304901
0.00024641 -0.000186716
0.00053166 0.000279272
-0.00065827 -0.000173274
-6.90663e-05 -0.000140918
-0.00049582 0.00010344
-9.1267e-06 -0.00025771
0.000669225 0.000367218
-2.26686e-05 -7.26834e-05
0.000523626 3.16775e-05
-0.000462466 9.61675e-05
-0.00044179 -0.000364801
-6.03119e-05 0.000217569
-0.000321511 -0.000206114
0.000811915 0.000173829
0.000105229 0.000199248
0.00015496 -0.000217442
-6.54618e-05 0.000221729
-0.000805691 -0.000351586
0.000164786 6.95315e-05
-0.000270006 5.3823e-05
0.000556284 -9.36391e-05
0.00050286 0.000375169
-0.000257034 -0.000244118
0.000150215 8.39531e-05
-0.000829449 -0.000113486
-9.00958e-06 -0.000200838
0.000121129 0.000288373
0.00014944 -0.000185203
0.000792184 0.000289751
-0.00035591 -2.95326e-05
-3.0942e-05 -0.000195261
-0.000490951 0.000132314
-0.000403992 -0.000341313
0.000514407 0.000286882
-2.27956e-05 -1.39617e-05
0.000694173 1.91936e-05
-7.39978e-05 0.000223058
-0.00046014 -0.000364411
-9.74411e-05 0.000161916
-0.000638898 -0.000218353
0.00056955 5.59517e-05
0.000207009 0.000263449
0.00028707 -0.000189343
0.000305901 0.000275596
-0.000760837 -0.00027267
-5.17812e-06 -5.08733e-05
-0.000478247 6.04102e-05
0.000257361 -0.000186293
0.000632927 0.000391767
-6.62356e-05 -0.000146491
0.000410944 7.41517e-05
-0.000673357 -7.66643e-06
-0.000293977 -0.000310487
-4.82828e-05 0.000244601
-0.000112967 -0.000211246
0.00086601 0.000253326
-5.40251e-05 0.000104328
0.000121264 -0.000201635
-0.000291945 0.000184924
-0.000694148 -0.000378217
0.000278203 0.000170463
-0.000179061 9.15941e-06
0.000694349 -2.28739e-05
0.000296445 0.000327333
-0.000320011 -0.000303947
2.16524e-05 0.000125995
-0.000832961 -0.000190326
0.000223442 -8.87529e-05
0.000140206 0.000276382
0.000279535 -0.000180549
0.000644489 0.000312339
-0.000530685 -0.000144559
-3.11033e-05 -0.000133328
-0.000575115 8.37304e-05
-0.000140091 -0.000289683
0.000569507 0.000348307
6.92063e-06 -7.35397e-05
0.000650845 6.88631e-05
-0.000340485 0.000124486
-0.000412574 -0.00035848
-0.000146364 0.000196022
-0.000455905 -0.000242218
0.000730741 0.000162784
0.000128693 0.000198881
0.000291144 -0.000182778
5.32125e-05 0.000250762
-0.000783525 -0.000345937
7.23935e-05 4.661e-05
-0.000410862 1.57574e-05
0.000492319 -0.000104676
0.00053056 0.000383995
-0.000121815 -0.000215105
0.000266855 0.0001131
-0.000813308 -0.000109107
-0.000106812 -0.000224923
-2.29217e-05 0.000252948
9.11295e-05 -0.000202919
0.000837522 0.000309569
-0.000227209 -3.39742e-06
8.27272e-05 -0.000167388
-0.00048166 0.000134121
-0.000506859 -0.000366934
0.000374852 0.000256951
-8.6382e-05 -3.73892e-05
0.000761016 4.33372e-05
5.11438e-05 0.000251859
-0.000351407 -0.000338586
-9.70035e-05 0.000160387
-0.000747458 -0.000245903
0.000439953 2.96177e-05
0.000138482 0.000242357
0.000366257 -0.000169688
0.00043506 0.000310069
-0.000658224 -0.000248648
-1.4877e-05 -5.52057e-05
-0.000593015 3.13619e-05
0.00013567 -0.000214285
0.000571333 0.000380792
1.17285e-05 -0.000134167
0.000548691 0.000112279
-0.000576783 1.50936e-05
-0.000313137 -0.000316312
-0.000168221 0.000215281
-0.000234727 -0.000244575
0.000824052 0.000252653
1.71305e-05 0.000114805
0.000265057 -0.000164634
-0.000201062 0.000206461
-0.000720804 -0.000384703
0.000155587 0.000141738
-0.00030711 -2.76883e-05
0.000673732 -2.09907e-05
0.000367765 0.000344384
-0.000177121 -0.000271156
0.000106466 0.000145885
-0.000865727 -0.000197863
0.000100056 -0.000117523
8.13829e-06 0.000242214
0.000269263 -0.000184613
0.000728368 0.000339443
-0.000393767 -0.000114977
4.67628e-05 -0.000115301
-0.000614345 7.40216e-05
-0.000264961 -0.000320319
0.000443199 0.000321847
-6.45744e-06 -8.48005e-05
0.000753279 0.000101546
-0.00020897 0.000154382
-0.000342014 -0.000341976
-0.000193517 0.000183445
-0.000585145 -0.000275878
0.000619016 0.00014297
0.000108983 0.000187706
0.000406306 -0.000152546
0.000183767 0.000283457
-0.000719697 -0.000330523
1.64055e-05 3.15156e-05
-0.000546426 -1.97942e-05
0.000394767 -0.00012437
0.000514673 0.000381984
-5.94267e-06 -0.000191499
0.000399851 0.000147942
-0.000755557 -9.498e-05
-0.00017108 -0.000241612
-0.000162943 0.000218408
-1.81515e-06 -0.00022848
0.000839602 0.000319117
-0.000117898 1.67317e-05
0.000217348 -0.000133163
-0.000430419 0.000146088
-0.000578045 -0.000384676
0.000235459 0.000225514
-0.000184472 -6.83479e-05
0.000785992 5.79183e-05
0.000157282 0.000275579
-0.000219084 -0.00030715
-5.38425e-05 0.000169457
-0.000824717 -0.000264912
0.000305294 2.88061e-07
3.5039e-05 0.00021297
0.000405257 -0.000159425
0.000547929 0.000341641
-0.000531574 -0.000219914
1.88313e-05 -4.88046e-05
-0.000676484 1.06364e-05
4.86208e-06 -0.000245046
0.000472971 0.000360216
5.0383e-05 -0.000131693
0.000674956 0.000149444
-0.000456213 4.27962e-05
-0.000288687 -0.000311501
-0.000258213 0.000192851
-0.000367064 -0.00027953
0.000742737 0.000241544
4.88885e-05 0.000115026
0.000402046 -0.000128197
-8.47679e-05 0.000234454
-0.000703977 -0.000380605
5.95276e-05 0.000118066
-0.000445613 -6.57484e-05
0.000611877 -2.94478e-05
0.000399729 0.000351604
-3.86055e-05 -0.000239918
0.000219966 0.000173998
-0.00085508 -0.000194741
-1.03829e-06 -0.000142208
-0.000135124 0.000205597
0.000217259 -0.000198472
0.000774346 0.000357981
-0.000261032 -8.78362e-05
0.000157062 -8.82171e-05
-0.000610146 7.49438e-05
-0.000370637 -0.000346454
0.000302552 0.000290705
-6.1323e-05 -0.000105679
0.000820747 0.000126878
-8.15154e-05 0.000182471
-0.000236558 -0.000316768
-0.00019758 0.000181144
-0.000696131 -0.000304044
0.000488202 0.000116827
4.76144e-05 0.000166439
0.000489517 -0.000129429
0.000312572 0.00031649
-0.000620308 -0.000307138
2.45773e-06 2.61618e-05
-0.00066362 -4.97293e-05
0.000274095 -0.000150475
0.000456155 0.000369226
7.95404e-05 -0.00017572
0.000535806 0.000185348
-0.00066233 -7.29764e-05
-0.000194775 -0.000248832
-0.000285676 0.000188031
-0.000119596 -0.000259478
0.000797964 0.000317724
-3.89358e-05 2.84296e-05
0.000359983 -9.55724e-05
-0.000343082 0.000166761
-0.000609753 -0.000392719
0.0001098 0.000195968
-0.00030738 -0.00010417
0.000766952 6.19008e-05
0.000233211 0.00029146
-7.57019e-05 -0.000273127
2.72413e-05 0.000188384
-0.000862777 -0.000273822
0.000179326 -2.86774e-05
-9.35622e-05 0.000177924
0.000400794 -0.000159395
0.000632608 0.000367151
-0.000393291 -0.000189639
9.27298e-05 -3.18825e-05
-0.00072075 -9.63642e-08
-0.000121378 -0.000275318
0.000347216 0.000332204
4.6184e-05 -0.000139542
0.000777057 0.000182318
-0.0003241 7.22412e-05
-0.000222463 -0.000296244
-0.000309863 0.000179473
-0.000496465 -0.000312871
0.000630335 0.000221544
3.77675e-05 0.000104522
0.000519107 -9.55446e-05
4.465e-05 0.00026595
-0.000644874 -0.000366451
-5.32562e-07 0.000102139
-0.0005811 -0.000101684
0.000515641 -4.70185e-05
0.000388429 0.000347989
8.23814e-05 -0.000213284
0.000350506 0.000207789
-0.000802198 -0.000181696
-6.92692e-05 -0.000159903
-0.000276007 0.000169934
0.000129389 -0.000220736
0.00077729 0.000366222
-0.000145539 -6.61836e-05
0.000289104 -5.43489e-05
-0.000563557 8.60552e-05
-0.000445868 -0.000365326
0.000161151 0.000258181
-0.00015206 -0.000134444
0.000846568 0.000142734
2.8713e-05 0.000205529
-0.000106109 -0.000285183
-0.000158715 0.000189391
-0.00077748 -0.000324177
0.000351573 8.74096e-05
-4.97262e-05 0.000136825
0.000533012 -0.000115421
0.000426149 0.000346466
-0.000494974 -0.000278356
3.19487e-05 3.1483e-05
-0.000751101 -7.14975e-05
0.000143007 -0.000180107
0.00036029 0.000346945
0.000126574 -0.000169425
0.000660972 0.000221908
-0.000543283 -4.57514e-05
-0.00017494 -0.000245466
-0.000379537 0.000164658
-0.000249982 -0.000292972
0.000716646 0.000305861
1.69949e-06 3.01062e-05
0.000496875 -5.79164e-05
-0.000229103 0.000193808
-0.000598152 -0.000390217
1.00657e-05 0.000171497
-0.000442993 -0.000141719
0.000706268 5.53191e-05
0.000270697 0.000297516
6.51572e-05 -0.000239746
0.000137646 0.000215434
-0.000857668 -0.000272086
7.49135e-05 -5.39487e-05
-0.000235118 0.000140398
0.000354003 -0.000169441
0.000679957 0.000384022
-0.000256841 -0.00016111
0.000199566 -5.70887e-06
-0.00072183 -1.68443e-07
-0.000229805 -0.000301858
0.000206116 0.000299658
-1.21238e-07 -0.000157174
0.000844647 0.000207976
-0.000193954 0.000100056
-0.000120502 -0.000271784
-0.000318605 0.0001764
-0.000609648 -0.00034148
0.000498186 0.000195086
-1.54216e-05 8.39113e-05
0.000605025 -6.95282e-05
0.000173638 0.000297622
-0.000548964 -0.000343786
-1.87484e-05 9.58759e-05
-0.00070034 -0.000132365
0.0003953 -7.15706e-05
0.00033434 0.000333665
0.000174384 -0.000193841
0.000484746 0.000244133
-0.000712538 -0.000160472
-9.73363e-05 -0.000168389
-0.000401164 0.000138504
1.50801e-05 -0.000249196
0.000736471 0.000363509
-5.86564e-05 -5.25207e-05
0.000430047 -1.6627e-05
-0.000479911 0.000105887
-0.0004824 -0.000374873
3.26021e-05 0.000227667
-0.000269507 -0.000168599
0.000828319 0.000147948
0.000110238 0.000220811
3.69995e-05 -0.000250141
-8.14236e-05 0.000207401
-0.000820696 -0.000334515
0.000222899 5.80829e-05
-0.000173796 0.000101443
0.000533032 -0.00011163
0.000512473 0.000370253
-0.000355801 -0.000247249
0.000101888 4.73362e-05
-0.000800414 -8.33546e-05
1.51915e-05 -0.000210013
0.000236101 0.000317344
0.000130924 -0.000173344
0.000762591 0.000254267
-0.000410552 -1.64675e-05
-0.000113025 -0.000231471
-0.000435775 0.000150422
-0.0003795 -0.000325748
0.000603713 0.00028508
-1.67977e-07 2.11733e-05
0.00061477 -2.34961e-05
-0.000100541 0.000224255
-0.000543807 -0.000377404
-5.41202e-05 0.000154769
-0.000577941 -0.000177692
0.00061056 3.92734e-05
0.000265346 0.00029276
0.000190152 -0.000210143
0.000265865 0.000248054
-0.000809806 -0.00026024
2.78494e-06 -7.25508e-05
-0.000376176 0.000103789
0.000270296 -0.000188421
0.000684579 0.000390556
-0.000135463 -0.000137416
0.000328809 2.75274e-05
-0.000680117 1.00117e-05
-0.0003089 -0.000321748
6.31655e-05 0.00026589
-8.35756e-05 -0.000183097
0.000870827 0.00022421
-7.90446e-05 0.000123023
7.61207e-06 -0.000240268
-0.00028421 0.00018385
-0.000694851 -0.000362665
0.000359505 0.000165226
-0.000105665 5.48363e-05
0.000651664 -5.23571e-05
0.000288688 0.000326091
-0.00042537 -0.000314993
6.51055e-06 0.000100224
-0.000791618 -0.000155165
0.000263467 -0.00010028
0.000242265 0.000309882
0.000228786 -0.000183475
0.000608938 0.000279622
-0.00059521 -0.000133625
-8.19776e-05 -0.000166369
-0.000498758 0.000114141
-0.000113651 -0.000281029
0.000655653 0.000350339
-8.94393e-06 -4.85592e-05
0.000566135 2.16459e-05
-0.000368245 0.000132094
-0.000475866 -0.000373969
-7.07773e-05 0.000202327
-0.000401889 -0.000205125
0.000768112 0.000142441
0.000154404 0.000226336
0.000179209 -0.00021486
2.59346e-05 0.000233403
-0.000821098 -0.000334271
0.000115124 3.21956e-05
-0.000312745 6.34272e-05
0.000490248 -0.000118159
0.000562182 0.000385315
-0.000216181 -0.000217079
0.000205221 7.25193e-05
-0.000806911 -8.45478e-05
-9.59959e-05 -0.000236886
9.53808e-05 0.000283348
9.26389e-05 -0.000187213
0.000830173 0.000279466
-0.000277536 1.15214e-05
-1.47123e-05 -0.000207878
-0.000449385 0.000146536
-0.000494721 -0.000354624
0.000470358 0.000257829
-4.44689e-05 2.10767e-06
0.000702224 4.69643e-06
2.91546e-05 0.000254771
-0.000451598 -0.000355559
-7.66791e-05 0.000147674
-0.000698862 -0.000208928
0.00048994 1.58091e-05
0.000217076 0.000277332
0.000287467 -0.000187071
0.000398633 0.00028312
-0.000723938 -0.000239849
-2.95433e-05 -8.21653e-05
-0.000503318 7.13742e-05
0.000158767 -0.000214317
0.000645432 0.000386137
-4.09134e-05 -0.000121155
0.000467709 6.49418e-05
-0.000600346 2.89997e-05
-0.000350035 -0.000332711
-6.80065e-05 0.000234294
-0.00019554 -0.000215014
0.000852929 0.000229772
8.86234e-06 0.000138389
0.000149731 -0.000204509
-0.000210816 0.000200983
-0.000743035 -0.000374441
0.00022807 0.000135333
-0.000224283 1.97778e-05
0.000654855 -4.53731e-05
0.00037763 0.000348255
-0.00028589 -0.000283026
7.24814e-05 0.000115063
-0.000845919 -0.00016823
0.000133826 -0.000129904
0.000120805 0.000278861
0.000240718 -0.000183189
0.000710256 0.000310899
-0.000461998 -0.000104251
-2.43205e-05 -0.000153616
-0.000559636 9.89704e-05
-0.000243382 -0.000313057
0.000542657 0.000328296
-1.28442e-06 -5.50496e-05
0.000684021 5.71079e-05
-0.000240331 0.000161692
-0.000426259 -0.000362552
-0.000139152 0.000184791
-0.000535956 -0.000240766
0.000672351 0.000127226
0.000156265 0.000221112
0.000307033 -0.000182551
0.000152025 0.000264821
-0.000778349 -0.000323739
3.91145e-05 1.27566e-05
-0.000453281 2.61503e-05
0.000409679 -0.000134094
0.000569573 0.000390001
-8.95025e-05 -0.000190974
0.000331566 0.000104898
-0.00077028 -7.54021e-05
-0.000178825 -0.000257684
-4.85039e-05 0.000248284
1.60475e-05 -0.000209803
0.000856619 0.000295252
-0.000157599 3.49955e-05
0.000110687 -0.000176666
-0.000419668 0.000153175
-0.00058356 -0.000376759
0.00032972 0.000227178
-0.000126897 -2.56015e-05
0.000750799 2.42732e-05
0.000146448 0.000281991
-0.000330173 -0.000326853
-5.57235e-05 0.000151139
-0.000793685 -0.000232709
0.000356933 -1.22955e-05
0.000130135 0.000252479
0.000347993 -0.000172647
0.000522209 0.000317227
-0.0006086 -0.000213327
-1.85537e-05 -8.13742e-05
-0.000604441 4.60026e-05
3.12368e-05 -0.000244427
0.000565953 0.000371304
1.76726e-05 -0.000114192
0.000602522 0.000103235
-0.000491061 5.44666e-05
-0.000348384 -0.000333361
-0.00017494 0.000208008
-0.000324579 -0.000250046
0.000792826 0.000224514
6.065e-05 0.000144154
0.000292335 -0.000167705
-0.000106477 0.000225984
-0.000748853 -0.000375763
0.0001169 0.000108758
-0.000359823 -1.82052e-05
0.000614877 -4.89086e-05
0.000430848 0.000361621
-0.000143818 -0.000251106
0.000172306 0.000139217
-0.000857907 -0.000170673
1.98142e-05 -0.00015709
-1.85615e-05 0.000243538
0.000209583 -0.00019301
0.000778073 0.000334994
-0.000326155 -7.56757e-05
7.02458e-05 -0.000130982
-0.000578289 9.41951e-05
-0.000360571 -0.000342046
0.000408493 0.000299856
-3.63644e-05 -7.17053e-05
0.000772084 8.66599e-05
-0.00010948 0.000191353
-0.000337926 -0.000341629
-0.000166171 0.000176905
-0.00065824 -0.000272333
0.000550996 0.000104294
0.000115122 0.00020525
0.000408349 -0.000156125
0.000283678 0.000298522
-0.000696485 -0.000304259
2.57758e-06 2.13687e-06
-0.000581928 -7.10688e-06
0.000300126 -0.000157595
0.000533235 0.00038374
1.21099e-05 -0.000171649
0.000468259 0.00014162
-0.000694588 -5.729e-05
-0.000224363 -0.000269949
-0.000181913 0.000215543
-9.07117e-05 -0.000239037
0.000839027 0.000300342
-6.28053e-05 5.11787e-05
0.000251198 -0.000140549
-0.000350317 0.000169454
-0.000636493 -0.000389945
0.000195578 0.000196498
-0.000239371 -5.96134e-05
0.000755989 3.36969e-05
0.000239012 0.000302842
-0.000191025 -0.000294103
6.23485e-06 0.000165026
-0.000852852 -0.000247035
0.000225214 -4.18057e-05
1.26274e-05 0.000220413
0.00036629 -0.000168151
0.000623698 0.000347029
-0.000475184 -0.000183677
3.48957e-05 -6.9812e-05
-0.000669954 2.98199e-05
-9.8928e-05 -0.000275614
0.000453669 0.000347682
3.4716e-05 -0.00011748
0.000719838 0.000139004
-0.000363689 8.34398e-05
-0.000303452 -0.000323359
-0.000247554 0.000189628
-0.000457576 -0.000284998
0.000696712 0.000209407
7.07779e-05 0.000139278
0.000421828 -0.00013313
1.76897e-05 0.000256246
-0.000711248 -0.000366645
3.69936e-05 8.85164e-05
-0.000499181 -5.57822e-05
0.000536409 -6.2249e-05
0.000442278 0.000364583
-1.26674e-05 -0.000222405
0.000295751 0.000170576
-0.000826525 -0.000162683
-6.66718e-05 -0.000178704
-0.00016264 0.000207246
0.000139126 -0.000211981
0.000805092 0.000349652
-0.000201124 -5.11234e-05
0.00019265 -0.000100307
-0.000553471 9.99719e-05
-0.000452861 -0.000365014
0.000266198 0.00026811
-0.000110601 -9.72345e-05
0.000821641 0.000107776
1.07532e-05 0.000217719
-0.000219075 -0.00031315
-0.000149644 0.000179548
-0.000756349 -0.000297002
0.000416488 7.6396e-05
3.45926e-05 0.00017996
0.000473628 -0.000137919
0.000407167 0.000331106
-0.000583452 -0.000278065
9.25704e-06 1.82428e-06
-0.000686315 -3.34652e-05
0.000173236 -0.00018607
0.000456216 0.000367121
7.8979e-05 -0.000161148
0.00060158 0.000179392
-0.000587821 -3.24848e-05
-0.000227411 -0.00027207
-0.000292234 0.000188249
-0.000216534 -0.000272191
0.000779026 0.000294564
-2.75332e-06 5.8014e-05
0.000393349 -0.000102694
-0.000249011 0.000193518
-0.000647574 -0.000392861
8.1019e-05 0.000169134
-0.000370862 -9.69779e-05
0.000717736 3.24476e-05
0.000296933 0.000314863
-4.73359e-05 -0.000260477
0.000102555 0.00018815
-0.000870334 -0.000250844
0.000108283 -6.9342e-05
-0.000124344 0.000184059
0.000341182 -0.000173897
0.000692331 0.000369574
-0.000336775 -0.000154178
0.000125667 -4.82004e-05
-0.000693791 2.40533e-05
-0.000218102 -0.000304602
0.000319356 0.000317786
8.78233e-06 -0.000130962
0.000807896 0.000169078
-0.000231365 0.000112599
-0.000219115 -0.00030345
-0.000279174 0.000180949
-0.000580988 -0.000316656
0.000574393 0.000186415
3.78676e-05 0.000123805
0.000525844 -0.000103836
0.00014864 0.000288619
-0.000633569 -0.000348168
-3.75617e-06 7.69903e-05
-0.000628848 -8.96707e-05
0.000428003 -8.37051e-05
0.000410075 0.000356615
9.51096e-05 -0.00019976
0.000430245 0.000206305
-0.000755122 -0.000145508
-0.000116458 -0.000192146
-0.000297797 0.000173374
3.70204e-05 -0.000238257
0.000788163 0.00035359
-9.92651e-05 -3.34149e-05
0.000331066 -6.42083e-05
-0.000488345 0.000115394
-0.000510319 -0.000379541
0.000129533 0.000236437
-0.000216525 -0.000129477
0.000827901 0.000118769
0.000107865 0.000237738
-8.09051e-05 -0.000279786
-9.17846e-05 0.00019254
-0.000820205 -0.000312606
0.000282487 4.67607e-05
-7.77803e-05 0.000147406
0.000496933 -0.000129476
0.000509525 0.000359248
-0.000450232 -0.000248031
5.8533e-05 1.22675e-05
-0.000756395 -5.07265e-05
4.23192e-05 -0.000216426
0.000345677 0.00034181
0.000104858 -0.000160652
0.000718073 0.000214791
-0.000461003 -3.92065e-06
-0.000187061 -0.000263465
-0.000369103 0.000168967
-0.000348446 -0.000306144
0.000682591 0.00027888
1.63857e-05 5.43757e-05
0.000523466 -6.64275e-05
-0.000126588 0.000222728
-0.000615084 -0.000385231
-2.81323e-06 0.000148086
-0.000508487 -0.000134425
0.000640433 2.10794e-05
0.000313732 0.000316482
8.72889e-05 -0.000229189
0.000223171 0.000218397
-0.000844314 -0.000244136
1.81668e-05 -9.17071e-05
-0.000267799 0.000146739
0.00027589 -0.000189201
0.000720594 0.000382628
-0.000206872 -0.00012806
0.000244891 -1.82648e-05
-0.000674084 2.88819e-05
-0.000313713 -0.000328287
0.000175909 0.000284731
-5.72622e-05 -0.000153583
0.000857809 0.000190835
-0.000107649 0.000138597
-0.00010319 -0.000275368
-0.000267243 0.000182795
-0.000682138 -0.000342089
0.000438219 0.000158281
-3.51481e-05 9.88579e-05
0.000594497 -8.23602e-05
0.000272672 0.000319712
-0.000523177 -0.00032235
-1.38498e-06 7.56904e-05
-0.000736193 -0.000116946
0.000301153 -0.000110784
0.000336824 0.000338341
0.000169336 -0.000185408
0.0005621 0.000243114
-0.00065107 -0.00012132
-0.000124039 -0.000195626
-0.000411257 0.00014504
-8.59401e-05 -0.000269278
0.000728651 0.00034665
-3.06687e-05 -2.46939e-05
0.00047208 -2.58274e-05
-0.000390134 0.000138585
-0.000526471 -0.000384038
1.16605e-05 0.00020817
-0.000343555 -0.000165623
0.000790524 0.000118978
0.000171613 0.000248968
6.35216e-05 -0.000244643
1.026e-06 0.00021466
-0.000843112 -0.00031787
0.000162539 1.87826e-05
-0.000211327 0.000110471
0.000476583 -0.000131386
0.000579825 0.000380026
-0.000309713 -0.000217375
0.00014549 3.28303e-05
-0.000785503 -5.75971e-05
-7.89399e-05 -0.000245358
0.000212102 0.000310358
8.75936e-05 -0.000170367
0.000805863 0.000244603
-0.000327056 2.51058e-05
-0.00010679 -0.000244642
-0.000405463 0.000159455
-0.000472855 -0.000337666
0.000559354 0.000255257
-7.48379e-06 4.01918e-05
0.000628992 -3.49167e-05
4.06714e-06 0.000253921
-0.000541726 -0.000367851
-4.78272e-05 0.000135719
-0.000638727 -0.000168677
0.000532413 1.16047e-06
0.000287063 0.000307199
0.000200114 -0.000203196
0.000355616 0.000252932
-0.000777395 -0.000227981
-3.57632e-05 -0.000106204
-0.000404135 0.000111837
0.000177667 -0.000212447
0.000705062 0.00038494
-9.81174e-05 -0.000108207
0.000380881 1.74494e-05
-0.000613388 4.34148e-05
-0.000375485 -0.000344059
3.70542e-05 0.000251904
-0.00015656 -0.000183398
0.000864547 0.000202488
-5.22852e-06 0.000158387
3.33954e-05 -0.00024163
-0.000213613 0.000194931
-0.000750473 -0.000358948
0.000301825 0.000128236
-0.000141345 6.65136e-05
0.000621436 -7.04838e-05
0.000376743 0.00034622
-0.000390635 -0.000291913
4.37185e-05 8.50982e-05
-0.000810711 -0.000135327
0.000169115 -0.000140431
0.000229246 0.000311459
0.000203144 -0.00018078
0.000677825 0.000277576
-0.000524942 -9.298e-05
-8.81698e-05 -0.000188364
-0.000492344 0.000124795
-0.000216927 -0.000302005
0.000632278 0.000329812
-2.15118e-06 -2.6214e-05
0.000601967 1.14777e-05
-0.000269336 0.000166887
-0.000499013 -0.000377932
-7.61164e-05 0.000186282
-0.000479044 -0.000202485
0.000713648 0.000108841
0.000195051 0.000249845
0.000200537 -0.000210964
0.000118921 0.000243769
-0.000822504 -0.000312561
6.87835e-05 -4.30714e-06
-0.000353327 7.24481e-05
0.000415337 -0.000143222
0.000610305 0.000391248
-0.000175429 -0.000189334
0.000261442 6.18626e-05
-0.000771091 -5.38283e-05
-0.000177799 -0.000269663
6.81982e-05 0.000275901
2.93627e-05 -0.000189506
0.00085589 0.000266154
-0.000199523 5.12582e-05
5.92547e-06 -0.00021713
-0.000398324 0.000160488
-0.00057684 -0.000363721
0.000421558 0.000226449
-7.21575e-05 1.64513e-05
0.000699757 -1.08725e-05
0.000129296 0.000283709
-0.000434302 -0.000342499
-4.98205e-05 0.000133526
-0.000748711 -0.000196752
0.000405037 -2.48921e-05
0.000218968 0.000287652
0.000280516 -0.000184935
0.000486242 0.000288468
-0.000676298 -0.000204404
-4.7752e-05 -0.000110917
-0.000520414 8.24764e-05
5.70213e-05 -0.000241239
0.000646792 0.000376386
-2.10855e-05 -9.68759e-05
0.000520275 5.58308e-05
-0.00051839 6.57831e-05
-0.000396501 -0.000350079
-8.39686e-05 0.000222627
-0.000278977 -0.000217767
0.000827513 0.000203283
6.5293e-05 0.000169524
0.000177703 -0.000205278
-0.000124347 0.000216089
-0.000778673 -0.000365718
0.000178798 9.96782e-05
-0.000270538 2.95756e-05
0.000604545 -6.90429e-05
0.000449741 0.000365259
-0.000248618 -0.000259994
0.000126854 0.000104617
-0.000845111 -0.00014341
4.56121e-05 -0.000169323
9.7466e-05 0.00027854
0.000193712 -0.000186364
0.000765445 0.000306463
-0.000389406 -6.37423e-05
-1.19922e-05 -0.000170668
-0.000533564 0.000114379
-0.000342318 -0.000333201
0.000508472 0.00030507
-1.65454e-05 -3.82098e-05
0.000708024 4.44468e-05
-0.000138627 0.000197127
-0.000430061 -0.000361732
-0.000125477 0.000173099
-0.000609487 -0.000236795
0.000605414 8.98408e-05
0.00017526 0.000239865
0.000317171 -0.000181825
0.000249563 0.000277017
-0.000760232 -0.000297525
1.07592e-05 -1.97568e-05
-0.000490232 3.67116e-05
0.000320081 -0.000163581
0.000597216 0.000391706
-6.02805e-05 -0.000166861
0.000394825 9.68721e-05
-0.000715035 -4.02482e-05
-0.000243708 -0.000286568
-7.23671e-05 0.000241834
-6.35672e-05 -0.000216364
0.0008629 0.0002776
-9.12799e-05 7.14818e-05
0.000140401 -0.000183306
-0.000349096 0.000171782
-0.000649432 -0.000381773
0.000282799 0.000195693
-0.00017137 -1.49037e-05
0.000729059 3.72306e-06
0.000235971 0.000308808
-0.000302964 -0.000311722
-8.93324e-06 0.00014198
-0.000827481 -0.000216259
0.000271509 -5.40561e-05
0.000115655 0.000259544
0.000321071 -0.000176092
0.000601531 0.000321582
-0.000551105 -0.000176156
-1.62722e-05 -0.000104917
-0.00060562 6.12173e-05
-7.33549e-05 -0.000272623
0.000551206 0.000357986
1.67654e-05 -9.54865e-05
0.000649324 9.35004e-05
-0.000399177 9.3334e-05
-0.000373952 -0.000345495
-0.000175675 0.000199843
-0.000412117 -0.000253602
0.000750614 0.000193586
9.64552e-05 0.000170422
0.000316028 -0.000169572
-9.05898e-06 0.000244091
-0.000763457 -0.000361904
8.13767e-05 7.58503e-05
-0.000410301 -8.71719e-06
0.00054619 -7.78408e-05
0.000483613 0.000374683
-0.00011067 -0.000229829
0.000239511 0.000132633
-0.00083613 -0.000140827
-5.64818e-05 -0.000194182
-4.60467e-05 0.000242733
0.000142572 -0.000201655
0.000815736 0.000327082
-0.000257967 -3.69298e-05
9.7307e-05 -0.000143892
-0.000531416 0.000114544
-0.000448994 -0.000359734
0.000369336 0.000275202
-7.23973e-05 -5.98739e-05
0.000779854 7.02337e-05
