0 0
0.000680345 -3.68062e-05
-0.000357101 0.000218702
-0.000716418 -0.000488047
8.72018e-05 0.000256897
-0.000340842 -0.000150594
0.00100572 0.000107559
0.000165658 0.000327449
-0.000291448 -0.000391997
-0.000135882 0.000212521
-0.000923525 -0.000331796
0.000627485 8.18369e-05
0.000203036 0.000298941
0.000383426 -0.000231061
0.000291701 0.000331357
-0.00101239 -0.000373363
7.96531e-05 -1.73904e-05
-0.000374944 0.00011503
0.000555859 -0.000176012
0.000749701 0.000474204
-0.000469095 -0.000271701
9.43271e-05 5.48581e-07
-0.000924572 -4.53765e-05
0.000103731 -0.000264574
0.000569178 0.000456675
6.84388e-05 -0.000192338
0.000670954 0.000176071
-0.000827691 -4.04396e-05
-0.000303531 -0.000353287
-0.000108833 0.00029866
-1.52463e-05 -0.000260707
0.00107593 0.000344321
-0.00026534 5.86209e-05
-5.5546e-05 -0.000285814
-0.000519961 0.000195864
-0.000555432 -0.000418068
0.000774149 0.000341749
1.73346e-05 6.16647e-05
0.000621179 -9.324e-05
-0.000242766 0.000258642
-0.000806264 -0.000490992
0.000131917 0.00022332
-0.000360689 -9.7754e-05
0.000945669 4.33325e-05
0.000272618 0.000374294
-0.000368345 -0.000396197
-6.77318e-05 0.000186778
-0.0009513 -0.000281493
0.000571011 1.28303e-05
0.000282049 0.000350818
0.000297553 -0.000247461
0.000377952 0.000314333
-0.00102645 -0.000320534
4.05222e-05 -8.47735e-05
-0.000316968 0.000170926
0.000449508 -0.00021094
0.000837693 0.0004671
-0.000482782 -0.000221513
7.99059e-05 -6.13882e-05
-0.000861485 1.5969e-05
-9.28388e-06 -0.000311728
0.000648866 0.000459971
2.51782e-05 -0.000155587
0.00067455 0.000118807
-0.000749998 2.63502e-05
-0.000401935 -0.000401748
-2.78926e-05 0.000311594
-9.55654e-05 -0.00024168
0.00108589 0.000290078
-0.000195531 0.000126833
-0.000133203 -0.000332292
-0.000421306 0.000217264
-0.000648716 -0.00040883
0.00078859 0.00029181
5.08831e-05 0.00012543
0.000551355 -0.000144427
-0.000127794 0.000288105
-0.000886552 -0.00048168
0.000161296 0.000179695
-0.000363008 -4.02296e-05
0.000871882 -1.82553e-05
0.000382397 0.00041184
-0.00043748 -0.000388479
-1.43274e-05 0.00015059
-0.000960428 -0.000224907
0.000498817 -5.58066e-05
0.000367658 0.00039531
0.000215744 -0.000252677
0.000450268 0.000286543
-0.00102182 -0.000260835
-1.50728e-05 -0.00015293
-0.000248629 0.000221306
0.000343076 -0.000235587
0.000913923 0.000448683
-0.000479114 -0.000163825
4.8669e-05 -0.000124729
-0.000785916 7.2795e-05
-0.000125086 -0.00034927
0.000720306 0.00045161
-2.76532e-06 -0.000109995
0.000660681 5.87174e-05
-0.000659313 8.92324e-05
-0.000504197 -0.000440873
4.79633e-05 0.000312832
-0.000162349 -0.000212247
0.0010779 0.000230641
-0.000112162 0.000192581
-0.000215949 -0.000370082
-0.000326239 0.000227014
-0.000729258 -0.000388056
0.000785521 0.000234443
9.95453e-05 0.000189259
0.000473588 -0.000188616
-1.54884e-05 0.000306254
-0.000954505 -0.000460419
0.000173915 0.000127369
-0.000348224 1.99888e-05
0.000786603 -7.52661e-05
0.000491851 0.000438991
-0.000496051 -0.00036899
2.27163e-05 0.000105225
-0.000950962 -0.000164025
0.000412712 -0.000121961
0.000456922 0.00043095
0.000140926 -0.000246478
0.000506846 0.00024905
-0.000998395 -0.000196221
-8.55523e-05 -0.000219641
-0.00017271 0.000264379
0.000239681 -0.00024923
0.000976201 0.000419612
-0.000457698 -0.000100403
2.03041e-06 -0.000187267
-0.000700608 0.000123137
-0.000240399 -0.000376086
0.000780835 0.00043177
-1.43717e-05 -5.69847e-05
0.000630352 -2.11021e-06
-0.000558268 0.000146211
-0.000606971 -0.000469375
0.000115699 0.000302196
-0.000213866 -0.000173454
0.00105227 0.000167923
-1.74674e-05 0.000253861
-0.000300551 -0.000397827
-0.000237969 0.000224787
-0.000794848 -0.000356547
0.000764547 0.000171384
0.000161724 0.000251113
0.00039083 -0.000224285
9.09474e-05 0.000312631
-0.00100775 -0.000427915
0.000168923 6.79818e-05
-0.000317324 8.08197e-05
0.00069242 -0.000125912
0.000597836 0.000454981
-0.000541609 -0.000338264
4.23558e-05 5.22619e-05
-0.000923565 -0.000100972
0.000314956 -0.0001836
0.000546768 0.000456545
7.57795e-05 -0.000229004
0.000546406 0.000203235
-0.000956715 -0.000128801
-0.000168819 -0.000282732
-9.22464e-05 0.00029859
0.000142332 -0.0002515
0.00102277 0.00038088
-0.000418727 -3.31955e-05
-5.80681e-05 -0.000246824
-0.000608616 0.000165253
-0.000351954 -0.000391415
0.000828123 0.000400992
-9.15812e-06 1.78136e-06
0.000585093 -6.15728e-05
-0.000449823 0.000195496
-0.000706875 -0.00048632
0.000172549 0.000279904
-0.000248887 -0.000126651
0.00100986 0.000103936
8.59517e-05 0.000308817
-0.000383714 -0.000414507
-0.000159458 0.000210663
-0.00084376 -0.000315463
0.000725846 0.000104555
0.000235377 0.00030901
0.000306178 -0.000250197
0.000188521 0.000307169
-0.00104439 -0.000385248
0.000146068 3.41382e-06
-0.000271823 0.000140157
0.000592189 -0.000168613
0.000697318 0.000459402
-0.000572137 -0.000297201
4.41525e-05 -6.46317e-06
-0.000879488 -3.79472e-05
0.000208196 -0.000238834
0.000634089 0.000471222
2.2658e-05 -0.000200755
0.000568229 0.000150747
-0.000897905 -6.07719e-05
-0.00026233 -0.000340145
-1.04257e-05 0.000322674
5.38309e-05 -0.000242398
0.00105235 0.000333783
-0.000362966 3.57325e-05
-0.000129225 -0.000301323
-0.000513202 0.000197682
-0.000456597 -0.000394871
0.000860254 0.000360167
1.28062e-05 6.44568e-05
0.00052691 -0.000117619
-0.00033717 0.000235559
-0.000800614 -0.000491161
0.000216115 0.000246563
-0.00026672 -7.34522e-05
0.000952049 4.07239e-05
0.000195211 0.000355801
-0.000462191 -0.000419471
-9.33167e-05 0.000185129
-0.000874813 -0.000266278
0.000670162 3.60002e-05
0.00031808 0.000361092
0.00022277 -0.00026543
0.000274547 0.000290195
-0.00106309 -0.000333834
0.000105707 -6.42756e-05
-0.00021372 0.00019594
0.000488942 -0.000202045
0.000787462 0.000452213
-0.000586118 -0.00024704
2.82862e-05 -6.89178e-05
-0.000820527 2.28545e-05
9.53726e-05 -0.000285984
0.000715841 0.00047445
-1.64884e-05 -0.000162579
0.00057218 9.34489e-05
-0.000823649 5.65626e-06
-0.000363179 -0.00039001
6.95158e-05 0.000335696
-2.33163e-05 -0.000222289
0.0010642 0.000279878
-0.000291725 0.000104264
-0.000208661 -0.000348856
-0.000417727 0.000219295
-0.000551394 -0.000386463
0.000875786 0.000310508
5.09035e-05 0.000129069
0.000458215 -0.000168315
-0.000223617 0.000265187
-0.00088508 -0.000483754
0.000244443 0.000203152
-0.000267237 -1.56794e-05
0.000880691 -1.96969e-05
0.000307236 0.000393422
-0.000532894 -0.000412454
-4.17191e-05 0.000149061
-0.000887412 -0.000210739
0.000598787 -3.21782e-05
0.000407106 0.000405683
0.000143684 -0.000269414
0.000346733 0.000262419
-0.00106307 -0.000275378
4.88017e-05 -0.000132918
-0.000145428 0.000246219
0.000385789 -0.000225185
0.000865726 0.000433743
-0.000582577 -0.000189312
-4.45271e-06 -0.000132944
-0.000748967 7.93156e-05
-2.03692e-05 -0.00032363
0.000789142 0.000466061
-4.01735e-05 -0.000115643
0.000558708 3.33548e-05
-0.000736132 6.8336e-05
-0.000468197 -0.000430708
0.000144401 0.000337085
-8.69776e-05 -0.000191896
0.00105813 0.000220934
-0.000206822 0.000170302
-0.000293314 -0.000387753
-0.000325536 0.000229331
-0.00063373 -0.000366586
0.000873795 0.000253509
0.000103987 0.000193582
0.000381746 -0.000211908
-0.000112489 0.00028352
-0.000957466 -0.000464366
0.000256092 0.000150984
-0.000250877 4.46917e-05
0.000798043 -7.54059e-05
0.000418862 0.000420594
-0.000592992 -0.000393589
-6.32821e-06 0.000103694
-0.000881563 -0.000150802
0.000513517 -9.78899e-05
0.000499511 0.00044134
7.18397e-05 -0.000261939
0.000403255 0.000224902
-0.0010442 -0.000211816
-2.31225e-05 -0.000200309
-6.97035e-05 0.000289221
0.000285821 -0.00023734
0.000929938 0.000404676
-0.000561117 -0.000125792
-5.26919e-05 -0.00019633
-0.000667498 0.000129466
-0.000135786 -0.000350666
0.000851364 0.000446254
-4.74213e-05 -6.1393e-05
0.000528827 -2.7436e-05
-0.000637964 0.000125253
-0.00057406 -0.000460923
0.000211218 0.000326655
-0.000135464 -0.000152274
0.00103449 0.000158871
-0.000110512 0.000231833
-0.000379943 -0.000416632
-0.000239846 0.000227424
-0.00070139 -0.000336019
0.000853914 0.0001909
0.00017042 0.00025596
0.000300477 -0.00024688
-7.00854e-06 0.000290078
-0.00101535 -0.000433663
0.000250182 9.16692e-05
-0.000218632 0.000105598
0.00070671 -0.000124638
0.000526937 0.000436568
-0.000640008 -0.000363399
1.17591e-05 5.05795e-05
-0.000857877 -8.85696e-05
0.000416596 -0.000159123
0.000592228 0.000466901
9.90721e-06 -0.00024317
0.000442816 0.000179027
-0.00100694 -0.000145249
-0.00010802 -0.000264281
1.04519e-05 0.000323404
0.000192014 -0.000238173
0.000978367 0.00036603
-0.000521928 -5.84381e-05
-0.000114524 -0.000256888
-0.000579131 0.000171553
-0.00024764 -0.000366328
0.000900219 0.00041559
-3.7796e-05 -1.50964e-06
0.000484083 -8.68081e-05
-0.000532091 0.000174594
-0.000677396 -0.000479689
0.000267218 0.000304606
-0.000167585 -0.000104778
0.000994197 9.57035e-05
-5.42156e-06 0.000286996
-0.000465238 -0.000434444
-0.000163636 0.000213614
-0.000752638 -0.000295891
0.000816339 0.000124591
0.000248124 0.000314236
0.00021752 -0.000272
8.98038e-05 0.000284774
-0.0010568 -0.000392685
0.000226428 2.70604e-05
-0.000172018 0.000164954
0.000609549 -0.000165838
0.000628418 0.000440951
-0.000671896 -0.000322777
1.20482e-05 -8.46739e-06
-0.00081755 -2.62195e-05
0.000310643 -0.00021401
0.000682162 0.000481522
-3.97807e-05 -0.000213633
0.000464681 0.000126448
-0.000952378 -7.78709e-05
-0.000203395 -0.000322777
9.18834e-05 0.000347515
0.000107131 -0.000227708
0.00100977 0.000319124
-0.000465778 1.06713e-05
-0.000187576 -0.000312522
-0.000487095 0.000204093
-0.000352805 -0.000370227
0.000933827 0.000374972
-1.14146e-05 6.21465e-05
0.000426497 -0.000142699
-0.000421699 0.000214805
-0.000774904 -0.000486422
0.00031001 0.000271526
-0.000182684 -5.10196e-05
0.000938656 3.34747e-05
0.000105541 0.000334141
-0.000545931 -0.000440512
-9.95455e-05 0.000188349
-0.000786272 -0.000247648
0.000761827 5.66095e-05
0.000334651 0.000366567
0.000136028 -0.000286358
0.000175234 0.000267921
-0.00108039 -0.000342817
0.000185147 -4.08103e-05
-0.000113021 0.000220721
0.000509588 -0.000197712
0.000720473 0.000433724
-0.000687113 -0.000272958
-5.33753e-06 -7.14292e-05
-0.000762324 3.40671e-05
0.000198574 -0.000260889
0.000766292 0.000484702
-7.53003e-05 -0.000174202
0.000468707 6.90378e-05
-0.000882136 -1.18952e-05
-0.000306387 -0.000373917
0.000171388 0.000360624
3.36366e-05 -0.000206336
0.00102345 0.000265535
-0.000393987 7.94072e-05
-0.000269084 -0.000361304
-0.000394726 0.000225932
-0.000448369 -0.000362359
0.000950784 0.000325621
3.10578e-05 0.000127594
0.0003585 -0.000193168
-0.000310104 0.000244645
-0.000863463 -0.000480937
0.000337641 0.000228367
-0.000180662 7.18561e-06
0.00086975 -2.58093e-05
0.00021928 0.000371878
-0.000618904 -0.000434546
-4.9788e-05 0.000152465
-0.000801665 -0.000193006
0.000691671 -1.09615e-05
0.000427255 0.000411298
5.90838e-05 -0.000289395
0.000246959 0.000240212
-0.00108532 -0.000285735
0.00012725 -0.000109797
-4.40416e-05 0.000270969
0.000409924 -0.000219268
0.000800566 0.000415237
-0.00068466 -0.000215472
-3.9662e-05 -0.000136155
-0.000694425 9.01792e-05
8.34983e-05 -0.000298355
0.000841765 0.000476301
-9.51977e-05 -0.000126066
0.000455336 8.81938e-06
-0.000798363 5.05187e-05
-0.00041386 -0.000416067
0.000245819 0.000362161
-2.63827e-05 -0.000174797
0.00101925 0.000207045
-0.000308382 0.000145659
-0.000355995 -0.000401536
-0.000305357 0.000236276
-0.00053173 -0.000343105
0.000950204 0.000269033
8.84305e-05 0.000192795
0.00028285 -0.000236454
-0.000200642 0.000263226
-0.000940236 -0.000463458
0.000348659 0.000176417
-0.00016198 6.78743e-05
0.000789763 -8.02424e-05
0.000332612 0.000399126
-0.000681294 -0.000416657
-1.60744e-05 0.00010716
-0.000798785 -0.000133892
0.000607663 -7.60531e-05
0.000522984 0.000447012
-1.03893e-05 -0.000280921
0.000303125 0.000202703
-0.00107136 -0.000223351
5.42165e-05 -0.000177712
3.21911e-05 0.000313947
0.000313624 -0.000229843
0.000866541 0.000386195
-0.000664123 -0.0001521
-8.96028e-05 -0.000200434
-0.000616493 0.000140147
-3.13723e-05 -0.000325312
0.000905988 0.00045654
-9.8534e-05 -7.06936e-05
0.000425582 -5.20955e-05
-0.000703634 0.000107339
-0.000522517 -0.000447889
0.000312193 0.000351934
-7.12828e-05 -0.000134161
0.000997552 0.000145586
-0.000211237 0.000207403
-0.000445065 -0.000431806
-0.000222204 0.000234722
-0.000600679 -0.000313222
0.000931748 0.000206935
0.000159025 0.000255716
0.000202542 -0.000271038
-9.65604e-05 0.000270037
-0.00100277 -0.00043461
0.000342167 0.000117259
-0.000127645 0.000128999
0.000701316 -0.000128078
0.000442369 0.000415142
-0.000730589 -0.000387349
4.43873e-07 5.3954e-05
-0.000778199 -7.23838e-05
0.000512036 -0.000136676
0.000618771 0.000472574
-6.97277e-05 -0.000261119
0.000342406 0.000156772
-0.00103893 -0.000157752
-3.19604e-05 -0.000242399
0.000112701 0.000348131
0.000223634 -0.00022913
0.000916686 0.00034764
-0.000625675 -8.48074e-05
-0.000153297 -0.000262067
-0.000531492 0.000182206
-0.000142833 -0.000341003
0.000956708 0.000426004
-8.49137e-05 -9.78433e-06
0.000380995 -0.000111579
-0.000600876 0.000156727
-0.000629001 -0.000468386
0.000367781 0.000330132
-9.99154e-05 -8.57908e-05
0.000959314 8.31781e-05
-0.000105195 0.000262768
-0.000532974 -0.000451034
-0.000148257 0.000221272
-0.000653477 -0.000273815
0.000895637 0.000141227
0.00024073 0.000314397
0.000120706 -0.000295687
-9.04723e-07 0.000264969
-0.00104906 -0.000395391
0.000317851 5.2716e-05
-7.9176e-05 0.000188494
0.000607275 -0.000167787
0.000545498 0.000419548
-0.000764705 -0.000347499
-7.86553e-07 -5.36396e-06
-0.000741053 -1.0637e-05
0.00040739 -0.000190985
0.000711532 0.000487169
-0.00011661 -0.000230536
0.000364043 0.000104073
-0.00098903 -9.11234e-05
-0.000128834 -0.000301805
0.000194364 0.000372281
0.000142681 -0.000217183
0.000949788 0.000300911
-0.000570076 -1.56823e-05
-0.000228404 -0.000318946
-0.000442613 0.000214862
-0.000247788 -0.000345038
0.000992088 0.000385611
-5.44958e-05 5.47868e-05
0.000323607 -0.000167555
-0.000493261 0.000197104
-0.000730015 -0.000476939
0.000410209 0.000297329
-0.000111664 -3.12986e-05
0.000905979 2.18634e-05
6.81522e-06 0.000310095
-0.00061643 -0.00045851
-8.61822e-05 0.000196329
-0.00068891 -0.000226305
0.000842645 7.39247e-05
0.000331067 0.00036701
4.05078e-05 -0.000309497
8.35769e-05 0.000248307
-0.00107765 -0.000347148
0.000275993 -1.52059e-05
-1.85603e-05 0.00024434
0.000510665 -0.0001981
0.00063916 0.000412336
-0.000782063 -0.00029833
-1.97028e-05 -6.87961e-05
-0.000689035 4.91838e-05
0.000296614 -0.000237337
0.000798264 0.000490326
-0.000149129 -0.000190065
0.000367868 4.64803e-05
-0.000923245 -2.56814e-05
-0.000233586 -0.000354047
0.00027401 0.000385479
7.31869e-05 -0.000194418
0.000965168 0.000247602
-0.000498643 5.31341e-05
-0.00031219 -0.000369121
-0.000353161 0.000236935
-0.000343351 -0.000337408
0.00101076 0.000336592
-7.98792e-06 0.000121028
0.00025586 -0.00021807
-0.000384105 0.000227195
-0.000822427 -0.000473324
0.000437527 0.000254457
-0.000106464 2.75025e-05
0.000839459 -3.63574e-05
0.000121679 0.000347991
-0.000692289 -0.000453914
-3.82279e-05 0.000160691
-0.000706329 -0.000172378
0.000774077 7.09192e-06
0.000427272 0.000411919
-3.49544e-05 -0.000311914
0.000154526 0.000220727
-0.00108766 -0.000291525
0.000217464 -8.43847e-05
5.18142e-05 0.000294632
0.000414573 -0.000218054
0.000720822 0.000393872
-0.000781631 -0.00024137
-5.56288e-05 -0.000134203
-0.00062432 0.000104978
0.000182791 -0.000274349
0.00087614 0.000481931
-0.000165855 -0.000140918
0.000354309 -1.39732e-05
-0.000843667 3.64068e-05
-0.000343124 -0.00039748
0.000348523 0.00038716
1.71953e-05 -0.000161596
0.000962704 0.000189511
-0.000413205 0.000119517
-0.000401615 -0.000410865
-0.000266452 0.000247601
-0.000426939 -0.000318484
0.00101188 0.000280451
5.33778e-05 0.000186896
0.000180527 -0.000261353
-0.000276754 0.000246079
-0.000903378 -0.000457725
0.000448285 0.00020278
-8.48054e-05 8.86578e-05
0.000762066 -8.9589e-05
0.000236192 0.000375372
-0.000757653 -0.000437326
-6.15051e-06 0.000115515
-0.000705672 -0.000113936
0.000691726 -5.72223e-05
0.00052638 0.000447729
-0.000102751 -0.00030276
0.000210051 0.000183266
-0.0010788 -0.000230407
0.000143697 -0.000152652
0.000129233 0.000337637
0.000322049 -0.000227018
0.000788333 0.000364881
-0.00076296 -0.000178395
-0.000107299 -0.000199378
-0.000549495 0.00015478
6.90986e-05 -0.000300938
0.000942596 0.000462234
-0.000165877 -8.45835e-05
0.000324367 -7.51659e-05
-0.000752832 9.30927e-05
-0.000454177 -0.000430745
0.000414949 0.000377131
-2.36957e-05 -0.000119804
0.000942828 0.000128583
-0.000316041 0.00018143
-0.00049344 -0.000442734
-0.000185696 0.000246425
-0.00049636 -0.000289008
0.000995139 0.000218912
0.000127885 0.000250358
0.000100621 -0.000295876
-0.000174473 0.000253214
-0.000970378 -0.00043072
0.000441572 0.000143857
-4.77148e-05 0.000150133
0.000676437 -0.000136101
0.000347169 0.000391497
-0.000809966 -0.000409221
8.84521e-06 6.22876e-05
-0.00068747 -5.30292e-05
0.000597818 -0.000117051
0.000625322 0.000473329
-0.000160215 -0.000282228
0.000248787 0.000137293
-0.00105141 -0.000165861
5.66396e-05 -0.000217866
0.000210744 0.000371854
0.000236011 -0.000224714
0.000839991 0.00032642
-0.000726199 -0.000111375
-0.0001729 -0.000262118
-0.000467477 0.000196821
-4.12904e-05 -0.000316356
0.000995416 0.00043184
-0.000148831 -2.27772e-05
0.000279588 -0.000134956
-0.000653633 0.000142516
-0.000563412 -0.000452823
0.000470586 0.000355579
-4.83831e-05 -7.0414e-05
0.000906514 6.68434e-05
-0.000209806 0.000236988
-0.000584336 -0.000463613
-0.000113891 0.000233368
-0.000549877 -0.000250066
0.000960789 0.000153872
0.000213387 0.000309459
1.92908e-05 -0.0003204
-8.03353e-05 0.000248455
-0.00102139 -0.000393268
0.000417056 7.94831e-05
3.2739e-06 0.00020988
0.000585449 -0.000174384
0.000451543 0.00039599
-0.000847104 -0.000370456
6.1467e-06 2.76595e-06
-0.000652826 8.20937e-06
0.00049494 -0.000170572
0.000721017 0.000487933
-0.000205028 -0.000250881
0.000269939 8.44542e-05
-0.00100644 -0.000100062
-4.13104e-05 -0.000277981
0.00029325 0.000396061
0.000159153 -0.000211225
0.000874602 0.000279847
-0.000672085 -4.24057e-05
-0.000250137 -0.000320301
-0.000381416 0.000229596
-0.000145313 -0.000320222
0.0010328 0.000391686
-0.000114912 4.26103e-05
0.000222001 -0.000191255
-0.000549225 0.000183068
-0.000667538 -0.000463061
0.000513077 0.000323065
-5.62931e-05 -1.50462e-05
0.000855245 6.33795e-06
-9.74423e-05 0.000284518
-0.000670997 -0.000472756
-5.37182e-05 0.000208795
-0.000586273 -0.000203055
0.000909627 8.73333e-05
0.000307377 0.000362381
-6.02803e-05 -0.000334014
2.87497e-06 0.000232057
-0.00105489 -0.000346675
0.000374992 1.16402e-05
6.61695e-05 0.000265899
0.000492131 -0.000203194
0.000546463 0.000388852
-0.00086744 -0.000322236
-1.42458e-05 -6.10755e-05
-0.000603381 6.76339e-05
0.000385961 -0.000216166
0.000810478 0.000491095
-0.00023529 -0.000209629
0.000273307 2.66245e-05
-0.000945405 -3.52204e-05
-0.000147381 -0.000331117
0.000373611 0.000409353
9.38584e-05 -0.000186994
0.000891507 0.000226774
-0.000601919 2.63612e-05
-0.000336308 -0.000371957
-0.000294585 0.000251905
-0.000240112 -0.000312526
0.00105343 0.000343019
-6.48627e-05 0.000109576
0.000154055 -0.000242091
-0.000442914 0.000213441
-0.000763424 -0.000461201
0.000540489 0.000280507
-4.73999e-05 4.4487e-05
0.000790961 -5.09352e-05
1.79157e-05 0.000322616
-0.000750248 -0.000469804
-7.45873e-06 0.000173459
-0.000604888 -0.000149639
0.000842972 2.13466e-05
0.000407069 0.000407501
-0.000134978 -0.000336167
7.27594e-05 0.000204669
-0.00106994 -0.000292547
0.000316217 -5.75744e-05
0.000138587 0.000316306
0.000399562 -0.000221594
0.000629387 0.000370458
-0.000869896 -0.000266075
-5.17194e-05 -0.000127114
-0.00054126 0.000123158
0.000273937 -0.000252469
0.000890896 0.000482731
-0.000249584 -0.000159699
0.000259289 -3.41602e-05
-0.000870332 2.64893e-05
-0.000258517 -0.00037562
0.000448742 0.000411176
4.21285e-05 -0.000152804
0.000890609 0.000169013
-0.00051752 9.27875e-05
-0.000428397 -0.000415332
-0.000210275 0.000262901
-0.000323132 -0.000293635
0.00105648 0.000287349
4.75291e-08 0.000176069
7.8534e-05 -0.000285679
-0.000338053 0.000232677
-0.000848194 -0.000447385
0.000551373 0.000229152
-2.22261e-05 0.000106236
0.000715999 -0.000103088
0.000133046 0.00035019
-0.000819155 -0.000454801
2.30904e-05 0.000128482
-0.00060564 -9.1693e-05
0.000762625 -4.20587e-05
0.000509483 0.000443444
-0.000201858 -0.000326681
0.000127382 0.000167305
-0.00106618 -0.000232742
0.000242124 -0.000126014
0.000217823 0.000359393
0.00031078 -0.00022898
0.000698162 0.000341545
-0.000853983 -0.000203742
-0.00010507 -0.00019315
-0.000469002 0.000172821
0.000162018 -0.000278418
0.000959737 0.000463117
-0.000247018 -0.000102597
0.000228865 -9.57692e-05
-0.000783712 8.30058e-05
-0.000371485 -0.00041012
0.00051572 0.000401342
5.51613e-06 -0.000109761
0.000872367 0.000108521
-0.000421164 0.00015482
-0.000523176 -0.00044895
-0.000131686 0.000262117
-0.000392198 -0.000264281
0.00104169 0.000226405
7.80673e-05 0.000240053
-1.53655e-06 -0.000320475
-0.000237919 0.000240197
-0.000919331 -0.00042215
0.000544819 0.000170535
1.81738e-05 0.000168178
0.000633016 -0.000148402
0.000244743 0.000366492
-0.00087512 -0.000428189
3.66741e-05 7.53074e-05
-0.000589032 -3.12419e-05
0.000670813 -0.000100937
0.000611543 0.000469123
-0.000258242 -0.000305756
0.000165332 0.000121315
-0.00104389 -0.000169301
0.000154617 -0.000191552
0.000300941 0.00039368
0.00022868 -0.000225103
0.00075109 0.000303183
-0.000819809 -0.000137205
-0.000172541 -0.000256981
-0.000389477 0.000214859
5.33418e-05 -0.000293281
0.00101482 0.00043288
-0.000227251 -4.00562e-05
0.000183562 -0.000156049
-0.000688401 0.000132448
-0.000482976 -0.000433576
0.00057187 0.000380039
-1.49209e-05 -5.9252e-05
0.000837784 4.73321e-05
-0.000315511 0.000210555
-0.000617315 -0.000471658
-6.18134e-05 0.000249479
-0.000445588 -0.000225536
0.00100935 0.000162079
0.000167018 0.000299576
-8.29902e-05 -0.000345227
-0.000145615 0.000235816
-0.000974758 -0.000386412
0.000520482 0.00010643
7.22469e-05 0.000228279
0.000544902 -0.000185384
0.000349921 0.000371144
-0.000915967 -0.000390795
3.26222e-05 1.56622e-05
-0.00055613 2.96039e-05
0.000570113 -0.000153491
0.000710169 0.000483772
-0.000301804 -0.000273961
0.000185769 6.83342e-05
-0.00100393 -0.000104383
5.60512e-05 -0.000252156
0.000384869 0.000417963
0.000155927 -0.000210076
0.000786983 0.000256746
-0.000768076 -6.85647e-05
-0.000251889 -0.000316475
-0.000305792 0.000247757
-4.90608e-05 -0.000296686
0.00105437 0.000392979
-0.000190501 2.60199e-05
0.000125401 -0.000212893
-0.000587524 0.000173177
-0.000589715 -0.00044531
0.000614862 0.000347823
-1.86533e-05 -2.90486e-06
0.00078837 -1.25017e-05
-0.000203511 0.000258306
-0.000707494 -0.000482669
-3.35387e-06 0.000225313
-0.000482092 -0.000178779
0.000960268 9.63676e-05
0.000264366 0.000352824
-0.000162623 -0.000359014
-6.39577e-05 0.000219755
-0.00101291 -0.000341436
0.000478599 3.87935e-05
0.000137991 0.000284557
0.000454692 -0.000212809
0.000445711 0.000364145
-0.000940018 -0.000343798
1.08728e-05 -4.85073e-05
-0.000508537 8.87194e-05
0.00046338 -0.000198123
0.000802383 0.000486974
-0.000330643 -0.000232218
0.00018845 1.02301e-05
-0.000947762 -4.01917e-05
-5.08464e-05 -0.000305951
0.000466493 0.000431359
9.48705e-05 -0.000184365
0.000805193 0.000203857
-0.000700058 1.87082e-08
-0.000340451 -0.000369644
-0.000221186 0.000270303
-0.000142366 -0.00028863
0.00107712 0.000344675
-0.000137543 9.36159e-05
5.68279e-05 -0.000264314
-0.000484375 0.000203854
-0.000688574 -0.00044503
0.000642779 0.000305604
-5.69644e-06 5.74645e-05
0.000726093 -6.89816e-05
-8.83108e-05 0.000296649
-0.000790513 -0.000481582
4.13893e-05 0.000190334
-0.000501044 -0.000125654
0.000895795 3.13076e-05
0.0003673 0.000398187
-0.000237302 -0.000361276
4.61037e-06 0.000192626
-0.00103277 -0.000288791
0.00041998 -3.03014e-05
0.000213017 0.000335151
0.000365465 -0.000229764
0.000529557 0.000345873
-0.000946141 -0.000288692
-2.80259e-05 -0.000115099
-0.000448333 0.000144034
0.000353647 -0.000233494
0.000885392 0.00047867
-0.000343344 -0.000181767
0.000173733 -5.09611e-05
-0.000877349 2.10979e-05
-0.000163063 -0.000351281
0.00054276 0.000433325
4.74716e-05 -0.00014878
0.00080564 0.000146345
-0.000617552 6.63936e-05
-0.000435242 -0.00041471
-0.000138923 0.000281631
-0.000224047 -0.000269481
0.00108228 0.00028949
-6.96731e-05 0.000160671
-1.93699e-05 -0.000308507
-0.000382301 0.000223483
-0.000776671 -0.000432841
0.000654186 0.000254613
2.33902e-05 0.000119909
0.000653312 -0.000120223
2.68485e-05 0.000324477
-0.000863401 -0.000468401
7.05831e-05 0.000145618
-0.000502354 -6.80112e-05
0.000817742 -3.10885e-05
0.000472824 0.000434302
-0.000304061 -0.000351828
5.81047e-05 0.000155415
-0.00103393 -0.0002303
0.000345985 -9.87293e-05
0.000294626 0.000378374
0.000280248 -0.00023567
0.000599295 0.000317071
-0.000933792 -0.000227235
-8.29335e-05 -0.000181925
-0.000378012 0.000193599
0.000244036 -0.000258561
