0 0
0.000470163 4.16662e-07
-0.000106146 0.000154169
-0.000352387 -0.00027567
-7.54495e-05 0.000121369
-0.000511886 -0.000171264
0.000364797 2.84191e-05
0.000108169 0.0001827
0.000288616 -0.000123788
0.000360675 0.000245579
-0.000421747 -0.000175867
1.70773e-05 -3.11452e-05
-0.000523552 2.04413e-06
-4.86024e-05 -0.000195915
0.000274098 0.000252777
3.57917e-05 -0.000108166
0.000606786 0.000151951
-0.000187153 5.89482e-05
-8.25355e-05 -0.000198771
-0.00024701 0.000131277
-0.000485835 -0.000266244
0.000293635 0.00013271
-8.47927e-05 3.50463e-05
0.000503661 -2.98337e-05
0.000241232 0.000250688
-0.000215474 -0.00021849
5.70077e-05 9.63729e-05
-0.000645069 -0.000136861
4.83849e-05 -0.000104659
-1.87488e-05 0.000179615
0.000160268 -0.000146681
0.000588178 0.000263942
-0.000172459 -5.5494e-05
0.000163075 -5.92578e-05
-0.000421854 6.80112e-05
-0.000352176 -0.000278026
9.93378e-05 0.000182973
-0.000171617 -0.00010849
0.000620197 0.000102574
9.69698e-05 0.000171596
7.05855e-05 -0.000177323
-7.65929e-07 0.000168673
-0.000619597 -0.000247431
6.7535e-05 1.24655e-05
-0.000283698 4.09089e-05
0.000309582 -0.000103171
0.000432917 0.000293168
-3.86161e-05 -0.000136534
0.000313693 9.55849e-05
-0.00052623 -4.3129e-05
-0.00017593 -0.000206313
-0.000168433 0.000153915
-0.000143497 -0.000196338
0.000585971 0.000218042
5.53159e-06 4.45373e-05
0.000352905 -6.02869e-05
-0.000114674 0.000162147
-0.000456181 -0.000288033
-1.70663e-05 0.000105831
-0.000446196 -0.000114951
0.00040354 -7.17495e-07
0.000208159 0.000228489
0.000185824 -0.000144788
0.000336663 0.000211848
-0.000505055 -0.000156787
-3.02476e-05 -8.01925e-05
-0.000430382 5.18482e-05
-4.10897e-05 -0.000201269
0.000403126 0.000266602
1.63155e-05 -7.56286e-05
0.000545434 9.34286e-05
-0.000215871 8.4247e-05
-0.000207971 -0.00024115
-0.000185996 0.000137032
-0.000472443 -0.000234124
0.000380479 0.000112917
1.18731e-06 9.56119e-05
0.000428443 -7.15178e-05
0.000249871 0.000249633
-0.000344087 -0.000224298
3.07987e-05 5.29072e-05
-0.000606504 -8.84325e-05
6.56931e-05 -0.000129661
0.000127418 0.000224629
0.000128215 -0.000138564
0.000592756 0.000227717
-0.000235956 -2.86464e-05
4.61877e-05 -0.000120316
-0.000381622 9.29049e-05
-0.000378416 -0.000277474
0.000223471 0.000185852
-0.000116935 -5.38719e-05
0.000600805 5.6511e-05
0.000114313 0.000199295
-7.83494e-05 -0.000212532
-8.02911e-06 0.000144526
-0.000644128 -0.000217002
0.000108226 -1.70756e-05
-0.00015448 0.000104179
0.000289609 -0.000119796
0.000492338 0.00029196
-0.000136483 -0.000124989
0.000229541 3.39047e-05
-0.000529058 -9.8256e-06
-0.000220211 -0.000234173
-3.25503e-05 0.000183278
-0.000119484 -0.000164111
0.000634695 0.000187569
8.36558e-06 8.60782e-05
0.000217521 -0.000117939
-0.000117564 0.000162924
-0.000535568 -0.00028711
4.72833e-05 8.69686e-05
-0.000358923 -5.26303e-05
0.000420819 -3.07018e-05
0.000295419 0.000262134
7.17849e-05 -0.000158922
0.000295259 0.000168107
-0.000563593 -0.000130625
-7.07519e-05 -0.000124459
-0.000314271 0.000100757
-3.21521e-05 -0.000197569
0.000510787 0.000266646
-6.37978e-06 -3.9763e-05
0.000455016 3.01793e-05
-0.000235199 0.000105155
-0.000320038 -0.000272048
-0.000111616 0.000138444
-0.000435935 -0.000190902
0.000448781 8.71132e-05
8.52006e-05 0.000151127
0.000329092 -0.000109997
0.000243974 0.000235911
-0.000455379 -0.000219915
8.11062e-06 8.63424e-06
-0.000537322 -3.48597e-05
8.1119e-05 -0.000148982
0.000266857 0.000258665
8.70432e-05 -0.000123902
0.000564809 0.000179575
-0.000289322 -1.19885e-06
-6.95647e-05 -0.000174986
-0.00032021 0.000115201
-0.000384844 -0.000264169
0.000338402 0.000180058
-5.83688e-05 3.34275e-06
0.000548112 6.93759e-06
0.000123339 0.00021624
-0.000222705 -0.000237725
-1.15527e-05 0.000115279
-0.000636348 -0.000176173
0.000147077 -4.56118e-05
-1.78418e-05 0.000162921
0.000252319 -0.000131072
0.00052397 0.000275209
-0.000228967 -0.00010804
0.000136471 -2.84218e-05
-0.000505099 2.48183e-05
-0.000250423 -0.000251134
0.00010736 0.000205003
-9.15527e-05 -0.000124067
0.000648645 0.000146765
8.29938e-06 0.000122421
7.16465e-05 -0.000169727
-0.000113546 0.000157051
-0.000587073 -0.00027294
0.000114083 6.51983e-05
-0.000254469 1.27835e-05
0.000414855 -6.00512e-05
0.000365168 0.000281737
-4.73391e-05 -0.000165613
0.000239796 0.000116969
-0.000594326 -9.83257e-05
-0.000102774 -0.00016224
-0.000180761 0.000146381
-2.30749e-05 -0.000184852
0.00059083 0.000252563
-3.10817e-05 -2.52974e-06
0.00034107 -3.44156e-05
-0.00024354 0.000121171
-0.000413425 -0.000290223
-2.71439e-05 0.000135289
-0.000378533 -0.000138419
0.000493907 5.62371e-05
0.000162762 0.000198533
0.000211152 -0.000143269
0.000224699 0.000210726
-0.000543871 -0.000205565
-9.4683e-06 -3.45522e-05
-0.000440736 2.15665e-05
9.26261e-05 -0.000161826
0.000391929 0.00027956
3.89819e-05 -0.000103429
0.000506441 0.000122285
-0.000329708 2.57162e-05
-0.000178078 -0.000220887
-0.000239866 0.000134084
-0.00037202 -0.000238642
0.000437343 0.000165306
1.07646e-06 6.01877e-05
0.000465041 -4.34508e-05
0.000123912 0.000221901
-0.000355101 -0.000251886
-1.00706e-05 8.24968e-05
-0.00059678 -0.000126561
0.000180901 -7.22243e-05
0.00011913 0.000213907
0.000199513 -0.000136276
0.000526373 0.000243985
-0.000311358 -8.6613e-05
4.01228e-05 -8.8376e-05
-0.000454862 5.96327e-05
-0.000266136 -0.00025658
0.000243814 0.000217499
-6.12396e-05 -7.80673e-05
0.000626855 9.77894e-05
5.334e-06 0.000151754
-7.67527e-05 -0.000213258
-0.000101596 0.000145314
-0.000608631 -0.00024607
0.000179279 4.10018e-05
-0.000138086 7.80662e-05
0.000385357 -8.719e-05
0.000413641 0.000286261
-0.000165252 -0.000164709
0.000174363 6.12755e-05
-0.000595467 -6.10179e-05
-0.000125468 -0.000192147
-3.64682e-05 0.000186285
-1.48764e-05 -0.000163548
0.000638533 0.00022489
-5.65244e-05 3.40397e-05
0.000210343 -9.70455e-05
-0.000239608 0.000132106
-0.000483986 -0.000294969
6.32511e-05 0.000127357
-0.000303329 -7.90095e-05
0.000512529 2.16607e-05
0.000229665 0.000235201
8.11371e-05 -0.000169707
0.00019414 0.000175864
-0.000605235 -0.00018181
-2.10647e-05 -7.49601e-05
-0.000321333 7.82698e-05
9.85457e-05 -0.000167558
0.000495621 0.000285861
-1.33657e-05 -7.82699e-05
0.000421555 5.90505e-05
-0.000354745 5.11626e-05
-0.000273984 -0.000256116
-0.000143977 0.000148689
-0.000341292 -0.000201931
0.00051419 0.000141852
5.82931e-05 0.000113614
0.000356318 -9.19573e-05
0.000116613 0.000216464
-0.000468961 -0.000254486
-2.87762e-06 4.76927e-05
-0.00052741 -7.0218e-05
0.000206674 -9.59487e-05
0.000249144 0.000254198
0.000133991 -0.000135054
0.000499941 0.000200211
-0.000379469 -6.17223e-05
-5.40262e-05 -0.000143224
-0.000380132 9.33387e-05
-0.000267665 -0.000250309
0.000369215 0.000219575
-3.01056e-05 -2.83885e-05
0.000570542 4.33095e-05
-2.40736e-07 0.00017279
-0.000219847 -0.000246626
-8.11257e-05 0.000128622
-0.000599609 -0.000207556
0.000238565 1.49841e-05
-1.56989e-05 0.000139834
0.000333561 -0.000110593
0.000438386 0.000275613
-0.000275865 -0.000156431
0.000103448 3.91351e-06
-0.000566565 -2.00174e-05
-0.00013874 -0.000213105
0.000111194 0.000218133
-8.27327e-06 -0.000134524
0.000651078 0.000185024
-8.14265e-05 6.80172e-05
7.03038e-05 -0.000154653
-0.000222548 0.000138012
-0.000528852 -0.000286109
0.000154688 0.000114517
-0.000214184 -1.54549e-05
0.000502917 -1.48913e-05
0.000282276 0.000259151
-5.39099e-05 -0.000188131
0.000155122 0.000133523
-0.000636439 -0.000149522
-2.65597e-05 -0.000111115
-0.000184918 0.000132475
9.77475e-05 -0.000165772
0.000572024 0.000276975
-6.72184e-05 -4.98424e-05
0.000315531 -6.72443e-06
-0.000362616 7.44109e-05
-0.000352886 -0.000279271
-3.70009e-05 0.000158134
-0.000294689 -0.000155583
0.000563972 0.000110541
0.000110221 0.000160705
0.0002281 -0.000136076
0.000102714 0.000200757
-0.000558765 -0.000245449
1.0033e-05 1.22763e-05
-0.000431624 -9.59655e-06
0.000221844 -0.000115794
0.000365113 0.000281369
5.93134e-05 -0.000127477
0.000446854 0.000146488
-0.000429759 -3.43841e-05
-0.000141002 -0.000190605
-0.000283978 0.000124544
-0.000255926 -0.000232556
0.000476305 0.000210579
2.65296e-07 2.23887e-05
0.000483005 -1.37036e-05
-7.782e-06 0.000184833
-0.000350348 -0.000268446
-5.21565e-05 0.000107918
-0.000560782 -0.000158952
0.000287723 -1.20768e-05
0.000106334 0.000194737
0.000262129 -0.000128932
0.00043847 0.000250625
-0.000373568 -0.000141292
3.15748e-05 -5.23459e-05
-0.000508561 2.31614e-05
-0.000143118 -0.000224355
0.000254358 0.000239858
-3.70446e-06 -9.91035e-05
0.000627776 0.000135133
-0.000104492 9.77374e-05
-7.13431e-05 -0.000204569
-0.000192082 0.000139094
-0.000546474 -0.000263999
0.000241848 9.68017e-05
-0.000115622 4.91157e-05
0.000465106 -5.14714e-05
0.000317829 0.000269198
-0.000186853 -0.000197819
0.000110923 8.61277e-05
-0.000635847 -0.000109876
-2.65317e-05 -0.000141752
-3.83106e-05 0.000181334
8.97316e-05 -0.000156372
0.000616774 0.000253246
-0.000119783 -1.97272e-05
0.000194799 -7.16604e-05
-0.000352148 9.49094e-05
-0.000411504 -0.000289463
7.56901e-05 0.000161584
-0.000234834 -0.000101654
0.000583253 7.27934e-05
0.000154039 0.000198901
8.75263e-05 -0.000173644
8.40596e-05 0.000176124
-0.000620251 -0.000225124
2.79191e-05 -2.24698e-05
-0.00031409 5.25083e-05
0.000224577 -0.000130796
0.000460593 0.000293715
-2.04863e-05 -0.000114024
0.000370873 8.5879e-05
-0.000459435 -5.56894e-06
-0.000216597 -0.000228584
-0.000170713 0.000151769
-0.000232302 -0.000204012
0.000558657 0.000190512
2.82918e-05 7.154e-05
0.000369365 -7.02041e-05
-1.62765e-05 0.000187784
-0.000461838 -0.00027785
-1.54534e-05 8.41098e-05
-0.000494274 -0.000102301
0.000322974 -3.92083e-05
0.00022152 0.000239678
0.000174931 -0.000141201
0.000414548 0.00021297
-0.000453447 -0.000120012
-3.70405e-05 -0.000104966
-0.000423805 6.6803e-05
-0.000139578 -0.000225458
0.000385126 0.000249837
-1.3906e-06 -5.90377e-05
0.000570125 7.79796e-05
-0.000124391 0.00012192
-0.00020711 -0.000244595
-0.000148653 0.000135625
-0.000536602 -0.00022952
0.000319318 7.44901e-05
-1.26779e-05 0.000111368
0.000400905 -8.60728e-05
0.000334658 0.000265039
-0.000310842 -0.000198488
6.49591e-05 3.61616e-05
-0.000603288 -6.43468e-05
-2.21145e-05 -0.000165809
0.000110939 0.000222086
7.46368e-05 -0.000139648
0.0006274 0.000215946
-0.000168373 1.04831e-05
6.63774e-05 -0.000132587
-0.000322924 0.00011223
-0.000447728 -0.000286316
0.000188056 0.000158349
-0.000164863 -4.26608e-05
0.000570422 3.05176e-05
0.000187387 0.000226201
-5.77642e-05 -0.000202938
6.2881e-05 0.000144277
-0.000650544 -0.00019427
4.93376e-05 -5.53824e-05
-0.000180603 0.000113056
0.000213943 -0.000140103
0.000530239 0.000290412
-0.000101174 -9.55295e-05
0.000277022 2.16791e-05
-0.000466546 2.3811e-05
-0.000277546 -0.00025568
-4.57631e-05 0.000173506
-0.000198536 -0.000165851
0.000611146 0.000160088
5.24619e-05 0.000116396
0.00023616 -0.000123281
-2.43877e-05 0.000182079
-0.000549024 -0.000274477
2.74199e-05 5.80495e-05
-0.000403466 -4.00942e-05
0.000341323 -6.52611e-05
0.000323601 0.000272054
7.67306e-05 -0.000146798
0.00036879 0.00016499
-0.000511441 -9.34519e-05
-9.87666e-05 -0.000151726
-0.000316029 0.00010901
-0.000129368 -0.000216326
0.000496045 0.000247063
-1.40456e-06 -1.64208e-05
0.000481681 1.67014e-05
-0.000139753 0.000139736
-0.000330114 -0.00027305
-9.35431e-05 0.000127889
-0.000500228 -0.00018408
0.000381988 4.81724e-05
8.92894e-05 0.000167953
0.000313759 -0.000116802
0.000332356 0.00024725
-0.000419622 -0.000190229
2.04727e-05 -1.39731e-05
-0.00054008 -1.47085e-05
-1.47984e-05 -0.000182417
0.000254898 0.00025225
5.31724e-05 -0.000116319
0.000603516 0.000167174
-0.000210481 3.93248e-05
-6.25932e-05 -0.000186681
-0.000275398 0.000126006
-0.000460612 -0.000269969
0.000293717 0.000147989
-8.8356e-05 1.84941e-05
0.000525849 -1.4029e-05
0.000208581 0.000241317
-0.000200091 -0.000222717
4.15458e-05 0.000107135
-0.000648245 -0.000154046
7.22866e-05 -8.53942e-05
-3.78818e-05 0.000168896
0.000189994 -0.000143081
0.000570209 0.000271599
-0.000178561 -7.3078e-05
0.000171183 -4.27984e-05
-0.00045008 5.28839e-05
-0.000321603 -0.000270871
8.45381e-05 0.00018832
-0.000156651 -0.000119742
0.000630352 0.000120723
7.14414e-05 0.000154551
9.0875e-05 -0.00017033
-3.05718e-05 0.000168588
-0.000607919 -0.000258456
7.41365e-05 3.05371e-05
-0.00029288 2.47839e-05
0.000340834 -8.89711e-05
0.000406955 0.000289967
-2.7161e-05 -0.000145553
0.000304685 0.000109495
-0.000544469 -6.2569e-05
-0.000150753 -0.000190763
-0.000190252 0.000147754
-0.000113853 -0.00019726
0.000580604 0.000231273
-3.72621e-06 2.64473e-05
0.000367768 -4.54213e-05
-0.000149182 0.000150818
-0.000434394 -0.000288787
-2.89307e-05 0.000116146
-0.0004395 -0.000129601
0.000425445 1.87833e-05
0.000184855 0.000215732
0.000208471 -0.000142035
0.000311806 0.000217193
-0.000507781 -0.00017345
-1.97467e-05 -6.20582e-05
-0.000449015 3.69777e-05
-6.20628e-06 -0.000190914
0.000385682 0.000269824
2.64975e-05 -8.75359e-05
0.000546846 0.000109688
-0.000243823 6.55735e-05
-0.000185276 -0.000231564
-0.000210997 0.000135877
-0.000450309 -0.00024108
0.000386353 0.000130423
-9.2338e-06 7.86583e-05
0.000451862 -5.84225e-05
0.000216783 0.000243752
-0.000332137 -0.00023222
2.22893e-05 6.66799e-05
-0.00061347 -0.000106004
9.44227e-05 -0.00011151
0.000106708 0.000216946
0.000153746 -0.000139412
0.000578465 0.000238376
-0.00024869 -4.78779e-05
5.96616e-05 -0.000104405
-0.000410059 8.07814e-05
-0.000347538 -0.0002736
0.000213242 0.000194966
-0.000108906 -6.78244e-05
0.00061485 7.44445e-05
8.42106e-05 0.000184056
-5.85589e-05 -0.000209168
-3.32538e-05 0.000148485
-0.000635956 -0.000230395
0.000121739 2.35452e-06
-0.000168033 8.91576e-05
0.000320812 -0.00010906
0.000466999 0.000292388
-0.000131236 -0.000137698
0.000226727 4.95505e-05
-0.000550539 -2.84059e-05
-0.000191029 -0.000220596
-5.26147e-05 0.000180963
-9.44057e-05 -0.000168989
0.000633709 0.000203016
-8.2627e-06 6.72373e-05
0.000235056 -0.000105189
-0.000151323 0.000155215
-0.000515138 -0.000291188
4.21292e-05 0.000100641
-0.000357628 -6.84933e-05
0.000446348 -1.24146e-05
0.00026884 0.000252014
9.08352e-05 -0.000160525
0.000275097 0.000176876
-0.000570932 -0.000148824
-5.35672e-05 -0.000106124
-0.000334295 8.84027e-05
2.11773e-06 -0.000190882
0.000495921 0.000273468
-3.92475e-06 -5.48264e-05
0.00046107 4.66822e-05
-0.000266374 8.83076e-05
-0.000295498 -0.000265351
-0.000132181 0.000141459
-0.00041798 -0.00020083
0.000460135 0.000106015
6.83802e-05 0.000134612
0.000352571 -0.000100269
0.000212112 0.000233805
-0.000447283 -0.000231131
6.95959e-06 2.48381e-05
-0.000547844 -5.20839e-05
0.000113324 -0.000132793
0.000245496 0.000254396
0.00010706 -0.000129172
0.000554936 0.000192703
-0.000307976 -2.11427e-05
-5.1247e-05 -0.000160298
-0.000347631 0.000106599
-0.000355068 -0.000263781
0.000333157 0.000192528
-5.77614e-05 -1.26504e-05
0.000565337 2.37452e-05
9.02037e-05 0.000203564
-0.000204233 -0.000238102
-3.10413e-05 0.000123116
-0.000632049 -0.000191377
0.000166863 -2.56907e-05
-3.52429e-05 0.000149701
0.000281879 -0.000124361
0.000500549 0.000279247
-0.000230096 -0.000123792
0.000140041 -1.17296e-05
-0.000528842 7.90091e-06
-0.00021851 -0.00024013
8.98657e-05 0.000206643
-7.23483e-05 -0.00013271
0.000652088 0.000163652
-1.4828e-05 0.000103781
9.10875e-05 -0.000159667
-0.000144977 0.000153306
-0.000568838 -0.000280162
0.000115824 8.16392e-05
-0.000258772 -3.59554e-06
0.000442722 -4.38973e-05
0.000336654 0.000274771
-3.27731e-05 -0.000171469
0.000225323 0.000128759
-0.000605862 -0.000117249
-7.96312e-05 -0.000144484
-0.0002014 0.00013708
8.87887e-06 -0.000182197
0.000579265 0.000262655
-3.64666e-05 -1.99843e-05
0.000351513 -1.84554e-05
-0.000276419 0.000106922
-0.00038803 -0.000286681
-4.24256e-05 0.00014235
-0.000365692 -0.000150919
0.000510165 7.56181e-05
0.000140353 0.000183288
0.000233539 -0.000137385
0.00019564 0.000212494
-0.000539871 -0.000219543
-3.18669e-06 -1.65974e-05
-0.000454456 5.41543e-06
0.00012676 -0.000148382
0.000370914 0.000278923
5.24553e-05 -0.000112862
0.000501501 0.000137237
-0.0003533 6.00662e-06
-0.000155642 -0.000208032
-0.00026512 0.000129371
-0.000344753 -0.000241805
0.000437287 0.00018055
-5.83855e-06 4.29354e-05
0.000484586 -2.86169e-05
8.94211e-05 0.000212406
-0.000338676 -0.000255945
-2.29435e-05 9.38837e-05
-0.000596595 -0.000142948
0.000206023 -5.27252e-05
9.8623e-05 0.000203123
0.000225913 -0.000133947
0.000506067 0.000251433
-0.000318704 -0.00010463
4.99854e-05 -7.13553e-05
-0.000479835 4.51001e-05
-0.000232925 -0.000248654
0.00022962 0.00022303
-4.89406e-05 -9.00864e-05
0.000634557 0.000115261
-2.30897e-05 0.000134246
-5.62266e-05 -0.000206315
-0.000129264 0.000145701
-0.000593374 -0.000256139
0.000187795 5.94872e-05
-0.000147914 6.1917e-05
0.000414147 -7.39952e-05
0.000384645 0.000282806
-0.000155802 -0.000174503
0.000166298 7.55623e-05
-0.000610636 -7.98427e-05
-9.73724e-05 -0.000175738
-5.69003e-05 0.000180453
1.31385e-05 -0.000165098
0.000630847 0.000237747
-6.94437e-05 1.50795e-05
0.000224731 -8.23643e-05
-0.000272635 0.000121095
-0.000458781 -0.000294724
5.3867e-05 0.000138164
-0.000296327 -9.35539e-05
0.00053287 4.05592e-05
0.000202789 0.000222001
0.000101368 -0.000167938
0.000169303 0.000181425
-0.000605403 -0.000197913
-7.60998e-06 -5.60129e-05
-0.000337762 6.38837e-05
0.000132936 -0.000157533
0.000475967 0.000288898
-7.10953e-06 -9.13859e-05
0.000421826 7.51071e-05
-0.000382086 3.25999e-05
-0.000248334 -0.000245624
-0.000166024 0.000148068
-0.00031787 -0.000208553
0.000519294 0.000159141
4.41582e-05 9.59644e-05
0.000377222 -7.98334e-05
8.24847e-05 0.000210604
-0.000455201 -0.000262005
-8.56054e-06 6.2153e-05
-0.00053144 -8.71071e-05
0.00023593 -7.77913e-05
0.000226466 0.000246381
0.000155882 -0.000137235
0.000483789 0.0002107
-0.00039257 -8.11358e-05
-3.82367e-05 -0.000126593
-0.000405284 8.18069e-05
-0.000234689 -0.000245851
0.000358927 0.000228747
-2.53962e-05 -4.32092e-05
0.000582121 6.04835e-05
-3.25025e-05 0.000157275
-0.000199074 -0.000243076
-0.000103792 0.000133131
-0.000588028 -0.000220064
0.00025343 3.46798e-05
-3.06901e-05 0.000124675
0.000361804 -0.000101038
0.000410389 0.000275844
-0.000271881 -0.000169661
0.000102215 2.00765e-05
-0.000584689 -3.79387e-05
-0.000106943 -0.000198773
9.18076e-05 0.000216042
1.4351e-05 -0.000140243
0.000647662 0.0002
-0.000101181 4.85047e-05
8.8035e-05 -0.000141904
-0.000254204 0.000130724
-0.000504904 -0.000289177
0.000151562 0.000128601
-0.000213483 -3.13989e-05
0.000526312 2.57119e-06
0.0002523 0.000248667
-3.67565e-05 -0.000190531
0.000135705 0.000142629
-0.00064069 -0.000167042
-6.5173e-06 -9.1986e-05
-0.000203444 0.000120485
0.000130675 -0.000159689
0.000554705 0.000283542
-6.84631e-05 -6.59724e-05
0.000321046 9.68469e-06
-0.00039238 5.78342e-05
-0.000325076 -0.000271576
-5.49455e-05 0.000161637
-0.000276308 -0.000165415
0.000573965 0.000129029
8.95604e-05 0.000143551
0.00024936 -0.000127247
7.06172e-05 0.000198805
-0.000548169 -0.000256067
1.17893e-05 2.9202e-05
-0.000439811 -2.6276e-05
0.00025381 -9.98595e-05
0.000341344 0.000276916
7.55898e-05 -0.000134055
0.00043568 0.000159509
-0.000447895 -5.42828e-05
-0.000119908 -0.000175058
-0.000308279 0.000116503
-0.000224755 -0.000231814
0.000470374 0.000222961
-2.90252e-06 5.49773e-06
0.000497898 2.31485e-06
-4.22557e-05 0.000172058
-0.000330152 -0.000268404
-6.88273e-05 0.000116361
-0.00055346 -0.000173393
0.000308212 7.9168e-06
8.68238e-05 0.000181302
0.000288385 -0.000123511
0.000412897 0.000254531
-0.000375122 -0.000157303
3.72873e-05 -3.49952e-05
-0.000528876 6.90144e-06
-0.00010907 -0.000212759
0.000236845 0.000241614
1.23367e-05 -0.000108738
0.000628811 0.000151472
-0.00013004 7.86392e-05
-5.09965e-05 -0.000194297
-0.000220947 0.000135848
-0.000524839 -0.000270268
0.000245068 0.000113537
-0.000121373 3.25072e-05
0.000490365 -3.63355e-05
0.000286284 0.000261961
-0.00017351 -0.000204239
9.78569e-05 9.83794e-05
-0.00064396 -0.000128061
-7.93936e-07 -0.000123278
-5.82028e-05 0.000172282
0.000119522 -0.000154567
0.000602666 0.000263017
-0.000128412 -3.80535e-05
0.000205359 -5.56441e-05
-0.000382942 8.10525e-05
-0.000382702 -0.000284894
6.25689e-05 0.000169064
-0.00022248 -0.000114282
0.000597623 9.15565e-05
0.000127902 0.000183113
0.000108156 -0.000168515
5.55379e-05 0.000178172
-0.000613193 -0.000238361
3.703e-05 -3.79766e-06
-0.000326199 3.67576e-05
0.000257672 -0.000117881
0.000436902 0.000292857
-1.06171e-05 -0.00012466
0.000365257 0.000100816
-0.000481677 -2.50436e-05
-0.000191059 -0.00021477
-0.000193183 0.000147564
-0.000204467 -0.000207074
0.000557345 0.000205508
1.73801e-05 5.3428e-05
0.000386858 -5.61259e-05
-5.12589e-05 0.000178351
-0.000443004 -0.000281282
-2.54134e-05 9.61364e-05
-0.000491643 -0.000118079
0.000348088 -1.98683e-05
0.000198397 0.000228636
0.000197872 -0.000140189
0.00039269 0.00022036
-0.000460343 -0.000138037
-2.45754e-05 -8.71575e-05
-0.000445489 5.28904e-05
-0.000104872 -0.000217159
0.000370263 0.000255368
7.21009e-06 -7.2123e-05
0.000575576 9.48622e-05
-0.000154416 0.000104164
-0.000184967 -0.00023722
-0.000173464 0.000136564
-0.00051828 -0.000238754
0.000328692 9.31134e-05
-2.47018e-05 9.48869e-05
0.000426743 -7.4038e-05
0.000303153 0.000261411
-0.000301828 -0.000208585
5.88781e-05 5.10344e-05
-0.000614916 -8.24269e-05
8.14936e-06 -0.000148819
9.05063e-05 0.000216396
9.97525e-05 -0.000142244
0.000617226 0.000228428
-0.000183886 -9.12313e-06
8.15683e-05 -0.000117667
-0.000353353 0.000101696
-0.000419183 -0.000285082
0.000180279 0.000169479
-0.000159247 -5.75229e-05
0.00058844 4.86075e-05
0.000157113 0.000212579
-3.86805e-05 -0.000201721
3.92833e-05 0.000150236
-0.000647275 -0.000209553
6.53863e-05 -3.57702e-05
-0.000196214 9.89324e-05
0.000246502 -0.000130871
0.000507817 0.000293199
-9.81546e-05 -0.000109677
0.00027728 3.78433e-05
-0.000491816 5.6292e-06
-0.000248631 -0.000244182
-6.54978e-05 0.000173325
-0.000175447 -0.000172628
0.000614502 0.000176959
3.43563e-05 9.7981e-05
0.000255439 -0.000111813
-5.81866e-05 0.000176422
-0.000532283 -0.000281208
2.45838e-05 7.31523e-05
-0.000405775 -5.65444e-05
0.000369825 -4.75195e-05
0.000297987 0.000263964
9.52224e-05 -0.000150239
0.000351746 0.000175509
-0.000523245 -0.000112654
-8.0041e-05 -0.000134205
-0.000338222 9.80355e-05
-9.56707e-05 -0.00021175
0.000484515 0.000256111
-7.09678e-07 -3.23057e-05
0.0004913 3.32939e-05
-0.000172745 0.000124166
-0.000307057 -0.00026886
-0.000113238 0.000132978
-0.000486119 -0.000195918
0.000397039 6.78114e-05
7.15114e-05 0.000152407
0.000338869 -0.00010848
0.000302484 0.000247407
-0.000415231 -0.000203499
2.16911e-05 2.89227e-06
-0.000554767 -3.19255e-05
1.8588e-05 -0.000167697
0.000234818 0.000250201
7.23056e-05 -0.000123209
0.000597804 0.000181742
-0.000232037 1.9401e-05
-4.33748e-05 -0.000173495
-0.000304124 0.000119248
-0.000433604 -0.000272154
0.000291581 0.00016227
-8.98559e-05 2.09159e-06
0.0005466 2.4674e-06
0.000175719 0.000230543
-0.000183357 -0.000225428
2.39736e-05 0.000116751
-0.000648893 -0.000170727
9.45363e-05 -6.57078e-05
-5.63889e-05 0.000157047
0.000220358 -0.00013802
0.000550196 0.000277896
-0.000182466 -9.00186e-05
0.000177366 -2.61293e-05
-0.000477207 3.67894e-05
-0.00029055 -0.000262188
6.83341e-05 0.000192176
-0.000139519 -0.000129957
0.0006382 0.000138622
4.70757e-05 0.000136767
0.00011107 -0.000161994
-6.15864e-05 0.000166964
-0.000593929 -0.000268184
7.85198e-05 4.80703e-05
-0.000300164 8.37616e-06
0.0003713 -7.37158e-05
0.000380126 0.000285244
-1.39999e-05 -0.000153257
0.000293311 0.000122655
-0.00056055 -8.20821e-05
-0.000126541 -0.000174268
-0.000212077 0.000140191
-8.28258e-05 -0.000196671
0.000572951 0.000243399
-1.09792e-05 8.56591e-06
0.000381116 -2.99202e-05
-0.000183521 0.000138157
-0.000411339 -0.000287932
-4.26862e-05 0.000125174
-0.000430355 -0.000143563
0.000445423 3.84941e-05
0.000162162 0.0002019
0.000231603 -0.000137839
0.00028506 0.000221128
-0.000508086 -0.000189261
-1.12416e-05 -4.3908e-05
-0.000466205 2.13482e-05
2.87197e-05 -0.000179173
0.000366868 0.000271524
3.86505e-05 -9.83868e-05
0.000545904 0.000125619
-0.000270298 4.62886e-05
-0.000162795 -0.000220656
-0.000236791 0.000133186
-0.000426099 -0.000246631
0.00038991 0.000147198
-1.78616e-05 6.15072e-05
0.000474298 -4.43575e-05
0.000183004 0.000236358
-0.000318414 -0.000238691
1.15568e-05 7.95454e-05
-0.000618039 -0.000123387
0.00012184 -9.26409e-05
8.6081e-05 0.000207931
0.000180353 -0.000138801
0.000561887 0.000247867
-0.000259238 -6.67686e-05
7.15591e-05 -8.79558e-05
-0.000437837 6.74665e-05
-0.000315719 -0.000268131
0.000201229 0.000202692
-9.86647e-05 -8.10217e-05
0.000626791 9.24661e-05
5.48439e-05 0.000167797
-3.83207e-05 -0.000204321
-6.00446e-05 0.00015097
-0.000625293 -0.000242707
0.000133115 2.15539e-05
-0.000180087 7.35288e-05
0.000351702 -9.70705e-05
0.000440316 0.000291276
-0.000123988 -0.000149261
0.000221606 6.47558e-05
-0.000570113 -4.73709e-05
-0.000162362 -0.000205832
-7.32037e-05 0.000177146
-6.76184e-05 -0.000172466
0.000630307 0.00021762
-2.30799e-05 4.82667e-05
0.000251538 -9.15057e-05
